 209 211 212 212 211 208 129  89  89 109 213 210 211 211 211 209
 210 212 213 213 212 211 124  89  88 110 212 211 213 213 212 211
 211 212 212 214 212 215 134  89  86  94 214 212 214 214 213 211
 210 213 214 214 212 216 144  93  91 101 214 211 213 213 213 211
 211 212 212 212 212 214 138  95  93 108 214 211 211 212 212 211
 211 211 209 207 209 207 130  92  91 109 209 206 207 209 211 211
 211 211 183 128 126 121 179 194 190 184 124 109 119 160 211 210
 210 210 170  90  87  93 192 213 210 201  89  89  91 150 213 210
 209 210 171  87  83  87 192 213 210 208  83  86  88 143 211 209
 209 209 161  92  89  87 186 212 210 216  80  86  88 143 210 209
 210 210 161  89  87  82 186 211 210 214  83  86  87 146 209 209
 212 215 178  89  88  79 174 210 210 212  87  91  87 150 210 210
 209 210 171  88  86  84 185 213 211 210  86  91  82 140 208 210
 210 208 164  88  85  84 183 211 210 208  86  86  85 145 213 210
 210 208 163  88  84  81 184 209 210 205  81  84  83 147 212 210
 208 208 165  85  82  79 177 209 210 213  78  81  81 147 213 210
 207 209 210 210 209 208 130  83  82 103 209 206 209 209 209 207
 208 210 211 211 210 208 125  83  83 106 208 207 211 211 210 209
 209 210 210 212 210 209 133  83  83  91 210 208 212 212 211 209
 206 211 212 212 210 210 142  85  82  94 210 207 211 211 210 209
 207 210 209 208 208 208 136  86  81  98 210 207 207 208 209 209
 207 209 208 206 206 205 128  89  87 104 204 205 206 207 209 209
 208 210 183 117 115 113 172 188 186 181 122 112 113 151 205 206
 207 208 173  85  83  85 183 207 208 200  88  83  83 141 207 206
 207 207 175  83  79  79 183 207 208 207  82  80  78 133 204 205
 207 206 167  82  79  78 179 207 208 214  79  79  79 132 203 205
 207 209 166  79  77  77 182 208 208 212  80  78  77 136 203 205
 205 209 179  79  78  72 168 206 208 210  77  76  76 136 205 208
 205 206 172  77  74  73 174 205 209 208  76  76  75 136 205 208
 206 207 168  77  74  77 177 206 208 206  76  75  77 133 207 208
 205 206 164  78  74  75 179 205 208 203  71  74  73 135 204 208
 205 206 164  76  73  72 171 204 208 211  69  72  71 136 204 208
 217 218 219 219 218 208 126  92  91 113 222 219 218 218 218 216
 218 219 220 220 219 210 117  93  92 116 221 220 220 220 219 218
 217 219 219 221 219 212 125  94  92 101 224 222 221 221 220 218
 221 220 221 221 219 214 134  94  92 105 225 222 221 221 220 218
 221 219 219 221 221 213 128  96  94 111 225 222 221 221 219 218
 222 218 216 213 212 211 134  98 100 120 222 211 213 216 218 218
 221 213 180 126 124 125 185 200 197 190 125 121 128 166 219 219
 218 215 164  93  90  98 198 218 216 203  81  90  96 156 221 219
 216 218 163  90  86  92 198 219 217 213  73  85  92 148 218 218
 216 215 149  91  88  92 194 219 217 223  70  84  92 147 217 218
 218 212 154  88  86  90 197 220 217 221  71  82  91 154 216 217
 221 213 165  88  87  89 188 221 217 219  70  81  89 164 214 217
 218 214 166  89  86  91 194 221 218 217  69  81  89 151 218 217
 216 212 160  87  84  92 193 220 217 215  79  81  85 157 215 217
 215 211 162  87  83  90 196 220 216 210  77  80  87 156 219 217
 214 211 167  85  82  90 191 220 214 217  75  78  84 152 219 217

 209 211 211 211 211 211 210 210 209 209 209 210 210 210 210 210
 211 212 213 213 212 211 211 213 211 210 209 210 208 213 212 213
 211 213 214 213 212 209 160 150 143 143 146 150 140 145 147 147
 211 213 214 213 211 207 119  91  88  88  87  87  82  85  83  81
 210 211 212 211 211 206 109  89  86  86  86  91  91  86  84  81
 213 212 214 214 214 209 124  89  83  80  83  87  86  86  81  78
 109 110  94 101 108 109 184 201 208 216 214 212 210 208 205 213
  89  88  86  91  93  91 190 210 210 210 210 210 211 210 210 210
  89  89  89  93  95  92 194 213 213 212 211 210 213 211 209 209
 129 124 134 144 138 130 179 192 192 186 186 174 185 183 184 177
 208 211 215 216 214 207 121  93  87  87  82  79  84  84  81  79
 211 212 212 212 212 209 126  87  83  89  87  88  86  85  84  82
 212 213 214 214 212 207 128  90  87  92  89  89  88  88  88  85
 212 213 212 214 212 209 183 170 171 161 161 178 171 164 163 165
 211 212 212 213 212 211 211 210 210 209 210 215 210 208 208 208
 209 210 211 210 211 211 211 210 209 209 210 212 209 210 210 208
 207 209 209 209 209 209 206 206 205 205 205 208 208 208 208 208
 209 210 211 210 209 209 205 207 204 203 203 205 205 207 204 204
 209 211 212 211 208 207 151 141 133 132 136 136 136 133 135 136
 209 211 212 211 207 206 113  83  78  79  77  76  75  77  73  71
 206 207 208 207 207 205 112  83  80  79  78  76  76  75  74  72
 209 208 210 210 210 204 122  88  82  79  80  77  76  76  71  69
 103 106  91  94  98 104 181 200 207 214 212 210 208 206 203 211
  82  83  83  82  81  87 186 208 208 208 208 208 209 208 208 208
  83  83  83  85  86  89 188 207 207 207 208 206 205 206 205 204
 130 125 133 142 136 128 172 183 183 179 182 168 174 177 179 171
 208 208 209 210 208 205 113  85  79  78  77  72  73  77  75  72
 209 210 210 210 208 206 115  83  79  79  77  78  74  74  74  73
 210 211 212 212 208 206 117  85  83  82  79  79  77  77  78  76
 210 211 210 212 209 208 183 173 175 167 166 179 172 168 164 164
 209 210 210 211 210 209 210 208 207 206 209 209 206 207 206 206
 207 208 209 206 207 207 208 207 207 207 207 205 205 206 205 205
 216 218 218 218 218 218 219 219 218 218 217 217 217 217 217 217
 218 219 220 220 219 218 219 221 218 217 216 214 218 215 219 219
 218 220 221 221 221 216 166 156 148 147 154 164 151 157 156 152
 218 220 221 221 221 213 128  96  92  92  91  89  89  85  87  84
 219 220 222 222 222 211 121  90  85  84  82  81  81  81  80  78
 222 221 224 225 225 222 125  81  73  70  71  70  69  79  77  75
 113 116 101 105 111 120 190 203 213 223 221 219 217 215 210 217
  91  92  92  92  94 100 197 216 217 217 217 217 218 217 216 214
  92  93  94  94  96  98 200 218 219 219 220 221 221 220 220 220
 126 117 125 134 128 134 185 198 198 194 197 188 194 193 196 191
 208 210 212 214 213 211 125  98  92  92  90  89  91  92  90  90
 218 219 219 219 221 212 124  90  86  88  86  87  86  84  83  82
 219 220 221 221 221 213 126  93  90  91  88  88  89  87  87  85
 219 220 219 221 219 216 180 164 163 149 154 165 166 160 162 167
 218 219 219 220 219 218 213 215 218 215 212 213 214 212 211 211
 217 218 217 221 221 222 221 218 216 216 218 221 218 216 215 214

 210 213 147  81  81  78 213 210 209 177  79  82  85 165 208 208
 210 212 147  83  84  81 205 210 209 184  81  84  88 163 208 210
 210 213 145  85  86  86 208 210 211 183  84  85  88 164 208 210
 210 208 140  82  91  86 210 211 213 185  84  86  88 171 210 209
 210 210 150  87  91  87 212 210 210 174  79  88  89 178 215 212
 209 209 146  87  86  83 214 210 211 186  82  87  89 161 210 210
 209 210 143  88  86  80 216 210 212 186  87  89  92 161 209 209
 209 211 143  88  86  83 208 210 213 192  87  83  87 171 210 209
 210 213 150  91  89  89 201 210 213 192  93  87  90 170 210 210
 210 211 160 119 109 124 184 190 194 179 121 126 128 183 211 211
 211 211 209 207 206 209 109  91  92 130 207 209 207 209 211 211
 211 212 212 211 211 214 108  93  95 138 214 212 212 212 212 211
 211 213 213 213 211 214 101  91  93 144 216 212 214 214 213 210
 211 213 214 214 212 214  94  86  89 134 215 212 214 212 212 211
 211 212 213 213 211 212 110  88  89 124 211 212 213 213 212 210
 209 211 211 211 210 213 109  89  89 129 208 211 212 212 211 209
 208 204 136  71  72  69 211 208 204 171  72  73  76 164 206 205
 208 204 135  73  74  71 203 208 205 179  75  74  78 164 206 205
 208 207 133  77  75  76 206 208 206 177  77  74  77 168 207 206
 208 205 136  75  76  76 208 209 205 174  73  74  77 172 206 205
 208 205 136  76  76  77 210 208 206 168  72  78  79 179 209 205
 205 203 136  77  78  80 212 208 208 182  77  77  79 166 209 207
 205 203 132  79  79  79 214 208 207 179  78  79  82 167 206 207
 205 204 133  78  80  82 207 208 207 183  79  79  83 175 207 207
 206 207 141  83  83  88 200 208 207 183  85  83  85 173 208 207
 206 205 151 113 112 122 181 186 188 172 113 115 117 183 210 208
 209 209 207 206 205 204 104  87  89 128 205 206 206 208 209 207
 209 209 208 207 207 210  98  81  86 136 208 208 208 209 210 207
 209 210 211 211 207 210  94  82  85 142 210 210 212 212 211 206
 209 211 212 212 208 210  91  83  83 133 209 210 212 210 210 209
 209 210 211 211 207 208 106  83  83 125 208 210 211 211 210 208
 207 209 209 209 206 209 103  82  83 130 208 209 210 210 209 207
 217 219 152  84  78  75 217 214 220 191  90  82  85 167 211 214
 217 219 156  87  80  77 210 216 220 196  90  83  87 162 211 215
 217 215 157  85  81  79 215 217 220 193  92  84  87 160 212 216
 217 218 151  89  81  69 217 218 221 194  91  86  89 166 214 218
 217 214 164  89  81  70 219 217 221 188  89  87  88 165 213 221
 217 216 154  91  82  71 221 217 220 197  90  86  88 154 212 218
 218 217 147  92  84  70 223 217 219 194  92  88  91 149 215 216
 218 218 148  92  85  73 213 217 219 198  92  86  90 163 218 216
 219 221 156  96  90  81 203 216 218 198  98  90  93 164 215 218
 219 219 166 128 121 125 190 197 200 185 125 124 126 180 213 221
 218 218 216 213 211 222 120 100  98 134 211 212 213 216 218 222
 218 219 221 221 222 225 111  94  96 128 213 221 221 219 219 221
 218 220 221 221 222 225 105  92  94 134 214 219 221 221 220 221
 218 220 221 221 222 224 101  92  94 125 212 219 221 219 219 217
 218 219 220 220 220 221 116  92  93 117 210 219 220 220 219 218
 216 218 218 218 219 222 113  91  92 126 208 218 219 219 218 217

 208 210 210 209 212 210 209 209 210 211 211 211 210 211 210 209
 208 208 208 210 215 210 209 210 210 211 211 212 213 212 212 211
 165 163 164 171 178 161 161 171 170 183 209 212 214 212 213 212
  85  88  88  88  89  89  92  87  90 128 207 212 214 214 213 212
  82  84  85  86  88  87  89  83  87 126 209 212 212 212 212 211
  79  81  84  84  79  82  87  87  93 121 207 214 216 215 211 208
 177 184 183 185 174 186 186 192 192 179 130 138 144 134 124 129
 209 209 211 213 210 211 212 213 213 194  92  95  93  89  89  89
 210 210 210 211 210 210 210 210 210 190  91  93  91  86  88  89
 213 205 208 210 212 214 216 208 201 184 109 108 101  94 110 109
  78  81  86  86  87  83  80  83  89 124 209 214 214 214 212 213
  81  84  86  91  91  86  86  86  89 109 206 211 211 212 211 210
  81  83  85  82  87  87  88  88  91 119 207 211 213 214 213 211
 147 147 145 140 150 146 143 143 150 160 209 212 213 214 213 211
 213 212 213 208 210 209 210 211 213 211 211 212 213 213 212 211
 210 210 210 210 210 209 209 209 210 210 211 211 211 211 211 209
 205 205 206 205 205 207 207 207 207 208 207 207 206 209 208 207
 206 206 207 206 209 209 206 207 208 210 209 210 211 210 210 209
 164 164 168 172 179 166 167 175 173 183 208 209 212 210 211 210
  76  78  77  77  79  79  82  83  85 117 206 208 212 212 211 210
  73  74  74  74  78  77  79  79  83 115 206 208 210 210 210 209
  72  75  77  73  72  77  78  79  85 113 205 208 210 209 208 208
 171 179 177 174 168 182 179 183 183 172 128 136 142 133 125 130
 204 205 206 205 206 208 207 207 207 188  89  86  85  83  83  83
 208 208 208 209 208 208 208 208 208 186  87  81  82  83  83  82
 211 203 206 208 210 212 214 207 200 181 104  98  94  91 106 103
  69  71  76  76  77  80  79  82  88 122 204 210 210 210 208 209
  72  74  75  76  76  78  79  80  83 112 205 207 207 208 207 206
  71  73  77  75  76  77  79  78  83 113 206 207 211 212 211 209
 136 135 133 136 136 136 132 133 141 151 207 208 211 212 211 209
 204 204 207 205 205 203 203 204 207 205 209 209 210 211 210 209
 208 208 208 208 208 205 205 205 206 206 209 209 209 209 209 207
 214 215 216 218 221 218 216 216 218 221 222 221 221 217 218 217
 211 211 212 214 213 212 215 218 215 213 218 219 220 219 219 218
 167 162 160 166 165 154 149 163 164 180 216 219 221 219 220 219
  85  87  87  89  88  88  91  90  93 126 213 221 221 221 220 219
  82  83  84  86  87  86  88  86  90 124 212 221 219 219 219 218
  90  90  92  91  89  90  92  92  98 125 211 213 214 212 210 208
 191 196 193 194 188 197 194 198 198 185 134 128 134 125 117 126
 220 220 220 221 221 220 219 219 218 200  98  96  94  94  93  92
 214 216 217 218 217 217 217 217 216 197 100  94  92  92  92  91
 217 210 215 217 219 221 223 213 203 190 120 111 105 101 116 113
  75  77  79  69  70  71  70  73  81 125 222 225 225 224 221 222
  78  80  81  81  81  82  84  85  90 121 211 222 222 222 220 219
  84  87  85  89  89  91  92  92  96 128 213 221 221 221 220 218
 152 156 157 151 164 154 147 148 156 166 216 221 221 221 220 218
 219 219 215 218 214 216 217 218 221 219 218 219 220 220 219 218
 217 217 217 217 217 217 218 218 219 219 218 218 218 218 218 216

