 172 174 173 172 169 167  92  71  73  84 176 169 168 168 161 161
 174 174 174 174 168 165  85  70  74  93 178 171 171 171 169 167
 175 174 173 172 166 164  83  69  74  91 178 171 171 171 168 165
 176 174 174 172 170 169  99  73  76  83 177 172 172 172 166 164
 177 175 174 172 171 171 101  74  75  82 175 168 167 167 168 169
 177 180 179 176 169 169  93  78  79  87 170 163 163 166 169 170
 177 177 157 105 106 102 152 149 147 143 100 111 111 146 170 169
 177 175 145  78  75  73 154 172 172 160  69  77  78 136 170 166
 175 171 136  73  75  76 152 174 174 171  67  72  74 124 168 164
 160 152 129  90  91  99 159 174 172 172  73  72  72 118 170 168
  69  75 128 166 169 170 173 174 171 167  66  73  72 124 171 169
  65  68 122 174 176 175 174 174 171 159  66  69  72 129 170 169
  66  69 118 177 176 175 176 175 171 157  64  70  72 125 171 170
  65  69 121 178 178 180 179 177 172 169  64  69  72 114 172 172
  65  69 129 178 177 179 178 177 168 163  68  67  70 116 171 169
  65  69 129 177 177 178 177 177 167 158  61  67  69 123 171 168
 161 163 163 162 163 162  87  62  61  72 165 162 161 161 161 161
 162 164 164 164 164 162  82  63  62  81 167 164 164 164 164 162
 163 167 166 165 164 164  83  63  62  79 166 164 164 164 163 162
 164 167 167 165 165 165  94  65  64  71 165 165 165 165 162 163
 165 167 167 164 164 166  96  67  64  72 165 164 164 164 163 164
 165 165 163 160 158 164  88  72  70  78 161 161 161 164 163 164
 165 165 145  93  97  95 144 141 139 134  92  95  95 130 161 162
 165 166 137  70  66  64 145 163 164 152  61  62  65 123 162 162
 164 164 130  68  67  64 140 163 166 163  59  62  64 114 162 162
 150 146 123  85  83  89 149 165 166 165  67  63  62 108 163 163
  67  70 121 159 162 163 166 167 166 162  61  65  62 114 164 163
  60  61 113 164 166 168 167 167 166 154  61  60  62 119 162 162
  59  60 106 165 165 168 168 167 166 152  59  61  62 115 162 162
  59  61 109 166 167 170 169 167 167 164  59  60  62 104 162 162
  60  60 117 166 166 169 168 167 167 161  67  61  60 103 159 162
  60  61 117 165 165 168 167 167 166 158  61  62  59 111 159 162
 176 172 172 171 165 162  87  69  74  85 177 171 170 170 161 161
 176 173 173 173 166 162  82  70  75  94 178 170 170 170 165 162
 176 176 175 174 167 164  83  69  75  92 178 171 171 171 167 163
 177 174 173 171 167 165  94  70  77  84 178 174 174 174 171 166
 178 174 173 170 167 166  96  70  77  85 178 171 170 171 171 168
 180 174 171 168 162 164  88  75  83  91 174 167 167 170 171 168
 179 172 149  97 102 102 153 149 142 138  92 103 103 138 169 166
 178 170 137  70  73  77 158 173 164 152  61  70  73 132 170 167
 174 167 130  68  73  77 153 173 166 163  59  70  73 123 170 167
 159 149 126  87  90 101 160 174 166 165  67  70  71 117 168 164
  73  78 130 168 171 172 175 176 166 162  61  71  71 123 169 164
  66  70 124 176 177 175 174 174 166 154  61  67  71 128 171 167
  65  69 119 178 177 174 175 174 166 152  59  68  71 124 171 168
  60  67 122 179 179 179 178 176 167 164  59  67  71 113 171 168
  60  67 130 179 178 176 176 174 167 161  67  64  68 118 177 168
  60  67 130 178 177 174 173 173 167 158  61  64  67 125 175 167

 161 167 165 164 169 170 169 166 164 168 169 169 170 172 169 168
 161 169 168 166 168 169 170 170 168 170 171 170 171 172 171 171
 168 171 171 172 167 166 146 136 124 118 124 129 125 114 116 123
 168 171 171 172 167 163 111  78  74  72  72  72  72  72  70  69
 169 171 171 172 168 163 111  77  72  72  73  69  70  69  67  67
 176 178 178 177 175 170 100  69  67  73  66  66  64  64  68  61
  84  93  91  83  82  87 143 160 171 172 167 159 157 169 163 158
  73  74  74  76  75  79 147 172 174 172 171 171 171 172 168 167
  71  70  69  73  74  78 149 172 174 174 174 174 175 177 177 177
  92  85  83  99 101  93 152 154 152 159 173 174 176 179 178 177
 167 165 164 169 171 169 102  73  76  99 170 175 175 180 179 178
 169 168 166 170 171 169 106  75  75  91 169 176 176 178 177 177
 172 174 172 172 172 176 105  78  73  90 166 174 177 178 178 177
 173 174 173 174 174 179 157 145 136 129 128 122 118 121 129 129
 174 174 174 174 175 180 177 175 171 152  75  68  69  69  69  69
 172 174 175 176 177 177 177 177 175 160  69  65  66  65  65  65
 161 162 162 163 164 164 162 162 162 163 163 162 162 162 162 162
 161 164 163 162 163 163 161 162 162 163 164 162 162 162 159 159
 161 164 164 165 164 164 130 123 114 108 114 119 115 104 103 111
 161 164 164 165 164 161  95  65  64  62  62  62  62  62  60  59
 162 164 164 165 164 161  95  62  62  63  65  60  61  60  61  62
 165 167 166 165 165 161  92  61  59  67  61  61  59  59  67  61
  72  81  79  71  72  78 134 152 163 165 162 154 152 164 161 158
  61  62  62  64  64  70 139 164 166 166 166 166 166 167 167 166
  62  63  63  65  67  72 141 163 163 165 167 167 167 167 167 167
  87  82  83  94  96  88 144 145 140 149 166 167 168 169 168 167
 162 162 164 165 166 164  95  64  64  89 163 168 168 170 169 168
 163 164 164 165 164 158  97  66  67  83 162 166 165 167 166 165
 162 164 165 165 164 160  93  70  68  85 159 164 165 166 166 165
 163 164 166 167 167 163 145 137 130 123 121 113 106 109 117 117
 163 164 167 167 167 165 165 166 164 146  70  61  60  61  60  61
 161 162 163 164 165 165 165 165 164 150  67  60  59  59  60  60
 161 162 163 166 168 168 166 167 167 164 164 167 168 168 168 167
 161 165 167 171 171 171 169 170 170 168 169 171 171 171 177 175
 170 170 171 174 171 170 138 132 123 117 123 128 124 113 118 125
 170 170 171 174 170 167 103  73  73  71  71  71  71  71  68  67
 171 170 171 174 171 167 103  70  70  70  71  67  68  67  64  64
 177 178 178 178 178 174  92  61  59  67  61  61  59  59  67  61
  85  94  92  84  85  91 138 152 163 165 162 154 152 164 161 158
  74  75  75  77  77  83 142 164 166 166 166 166 166 167 167 167
  69  70  69  70  70  75 149 173 173 174 176 174 174 176 174 173
  87  82  83  94  96  88 153 158 153 160 175 174 175 178 176 173
 162 162 164 165 166 164 102  77  77 101 172 175 174 179 176 174
 165 166 167 167 167 162 102  73  73  90 171 177 177 179 178 177
 171 173 174 171 170 168  97  70  68  87 168 176 178 179 179 178
 172 173 175 173 173 171 149 137 130 126 130 124 119 122 130 130
 172 173 176 174 174 174 172 170 167 149  78  70  69  67  67  67
 176 176 176 177 178 180 179 178 174 159  73  66  65  60  60  60

 168 171 123  69  67  61 158 167 177 177 178 177 177 129  69  65
 169 171 116  70  67  68 163 168 177 178 179 177 178 129  69  65
 172 172 114  72  69  64 169 172 177 179 180 178 178 121  69  65
 170 171 125  72  70  64 157 171 175 176 175 176 177 118  69  66
 169 170 129  72  69  66 159 171 174 174 175 176 174 122  68  65
 169 171 124  72  73  66 167 171 174 173 170 169 166 128  75  69
 168 170 118  72  72  73 172 172 174 159  99  91  90 129 152 160
 164 168 124  74  72  67 171 174 174 152  76  75  73 136 171 175
 166 170 136  78  77  69 160 172 172 154  73  75  78 145 175 177
 169 170 146 111 111 100 143 147 149 152 102 106 105 157 177 177
 170 169 166 163 163 170  87  79  78  93 169 169 176 179 180 177
 169 168 167 167 168 175  82  75  74 101 171 171 172 174 175 177
 164 166 172 172 172 177  83  76  73  99 169 170 172 174 174 176
 165 168 171 171 171 178  91  74  69  83 164 166 172 173 174 175
 167 169 171 171 171 178  93  74  70  85 165 168 174 174 174 174
 161 161 168 168 169 176  84  73  71  92 167 169 172 173 174 172
 162 159 111  59  62  61 158 166 167 167 168 165 165 117  61  60
 162 159 103  60  61  67 161 167 167 168 169 166 166 117  60  60
 162 162 104  62  60  59 164 167 167 169 170 167 166 109  61  59
 162 162 115  62  61  59 152 166 167 168 168 165 165 106  60  59
 162 162 119  62  60  61 154 166 167 167 168 166 164 113  61  60
 163 164 114  62  65  61 162 166 167 166 163 162 159 121  70  67
 163 163 108  62  63  67 165 166 165 149  89  83  85 123 146 150
 162 162 114  64  62  59 163 166 163 140  64  67  68 130 164 164
 162 162 123  65  62  61 152 164 163 145  64  66  70 137 166 165
 162 161 130  95  95  92 134 139 141 144  95  97  93 145 165 165
 164 163 164 161 161 161  78  70  72  88 164 158 160 163 165 165
 164 163 164 164 164 165  72  64  67  96 166 164 164 167 167 165
 163 162 165 165 165 165  71  64  65  94 165 165 165 167 167 164
 162 163 164 164 164 166  79  62  63  83 164 164 165 166 167 163
 162 164 164 164 164 167  81  62  63  82 162 164 164 164 164 162
 161 161 161 161 162 165  72  61  62  87 162 163 162 163 163 161
 167 175 125  67  64  61 158 167 173 173 174 177 178 130  67  60
 168 177 118  68  64  67 161 167 174 176 176 178 179 130  67  60
 168 171 113  71  67  59 164 167 176 178 179 179 179 122  67  60
 168 171 124  71  68  59 152 166 174 175 174 177 178 119  69  65
 167 171 128  71  67  61 154 166 174 174 175 177 176 124  70  66
 164 169 123  71  71  61 162 166 176 175 172 171 168 130  78  73
 164 168 117  71  70  67 165 166 174 160 101  90  87 126 149 159
 167 170 123  73  70  59 163 166 173 153  77  73  68 130 167 174
 167 170 132  73  70  61 152 164 173 158  77  73  70 137 170 178
 166 169 138 103 103  92 138 142 149 153 102 102  97 149 172 179
 168 171 170 167 167 174  91  83  75  88 164 162 168 171 174 180
 168 171 171 170 171 178  85  77  70  96 166 167 170 173 174 178
 166 171 174 174 174 178  84  77  70  94 165 167 171 173 174 177
 163 167 171 171 171 178  92  75  69  83 164 167 174 175 176 176
 162 165 170 170 170 178  94  75  70  82 162 166 173 173 173 176
 161 161 170 170 171 177  85  74  69  87 162 165 171 172 172 176

  65  65  65  66  65  69 160 175 177 177 177 177 176 175 174 172
  69  69  69  69  68  75 152 171 175 177 180 175 174 174 174 174
 129 129 121 118 122 128 129 136 145 157 179 174 174 173 174 173
 177 178 178 177 174 166  90  73  78 105 176 172 172 172 174 172
 177 177 178 176 176 169  91  75  75 106 169 171 170 166 168 169
 178 179 180 175 175 170  99  76  73 102 169 171 169 164 165 167
 177 178 179 176 174 173 159 152 154 152  93 101  99  83  85  92
 177 177 177 175 174 174 174 174 172 149  78  74  73  69  70  71
 167 168 172 171 171 171 172 174 172 147  79  75  76  74  74  73
 158 163 169 157 159 167 172 171 160 143  87  82  83  91  93  84
  61  68  64  64  66  66  73  67  69 100 170 175 177 178 178 176
  67  67  69  70  69  73  72  72  77 111 163 168 172 171 171 169
  69  70  72  72  72  72  72  74  78 111 163 167 172 171 171 168
 123 116 114 125 129 124 118 124 136 146 166 167 172 171 171 168
 171 171 172 171 170 171 170 168 170 170 169 168 166 168 169 161
 168 169 172 170 169 169 168 164 166 169 170 169 164 165 167 161
  60  60  59  59  60  67 150 164 165 165 165 165 164 163 162 161
  61  60  61  60  61  70 146 164 166 165 165 167 167 167 164 163
 117 117 109 106 113 121 123 130 137 145 163 167 167 166 164 163
 165 166 166 165 164 159  85  68  70  93 160 164 165 165 164 162
 165 166 167 165 166 162  83  67  66  97 158 164 165 164 164 163
 168 169 170 168 168 163  89  64  64  95 164 166 165 164 162 162
 167 168 169 168 167 166 149 140 145 144  88  96  94  83  82  87
 167 167 167 167 167 167 165 163 163 141  72  67  65  63  63  62
 166 167 167 166 166 166 166 166 164 139  70  64  64  62  62  61
 158 161 164 152 154 162 165 163 152 134  78  72  71  79  81  72
  61  67  59  59  61  61  67  59  61  92 161 165 165 166 167 165
  62  61  60  61  60  65  63  62  62  95 161 164 165 164 164 162
  59  60  62  62  62  62  62  64  65  95 161 164 165 164 164 161
 111 103 104 115 119 114 108 114 123 130 164 164 165 164 164 161
 159 159 162 162 162 164 163 162 162 161 163 163 162 163 164 161
 162 162 162 162 162 163 163 162 162 162 164 164 163 162 162 161
  60  60  60  65  66  73 159 174 178 179 180 178 177 176 176 176
  67  67  67  69  70  78 149 167 170 172 174 174 174 176 173 172
 130 130 122 119 124 130 126 130 137 149 171 173 173 175 173 172
 178 179 179 178 176 168  87  68  70  97 168 170 171 174 173 171
 177 178 179 177 177 171  90  73  73 102 162 167 167 167 166 165
 174 176 179 174 175 172 101  77  77 102 164 166 165 164 162 162
 173 176 178 175 174 175 160 153 158 153  88  96  94  83  82  87
 173 174 176 174 174 176 174 173 173 149  75  70  70  69  70  69
 167 167 167 166 166 166 166 166 164 142  83  77  77  75  75  74
 158 161 164 152 154 162 165 163 152 138  91  85  84  92  94  85
  61  67  59  59  61  61  67  59  61  92 174 178 178 178 178 177
  64  64  67  68  67  71  70  70  70 103 167 171 174 171 170 171
  67  68  71  71  71  71  71  73  73 103 167 170 174 171 170 170
 125 118 113 124 128 123 117 123 132 138 170 171 174 171 170 170
 175 177 171 171 171 169 168 170 170 169 171 171 171 167 165 161
 167 168 168 168 167 164 164 167 167 166 168 168 166 163 162 161

