 214 217 220 220 220 209 102  87  91 159 221 224 225 225 225 224
 217 219 221 221 223 213 107  90  92 160 221 225 226 229 229 228
 218 221 222 222 224 215 109  91  93 161 222 225 227 229 229 228
 220 222 222 222 223 216 110  91  93 162 223 225 228 228 228 229
 224 225 222 222 223 215 110  94  95 161 223 224 225 228 228 230
 223 224 220 218 216 209 112 106 106 161 214 214 217 226 231 231
 221 223 165 127 118 127 208 210 213 191 122 124 123 199 231 231
 217 220 145  93  91 113 228 224 223 192  94  96  94 199 230 230
 218 219 142  87  87 109 229 229 227 201  90  90  85 203 223 226
 188 192 116  84  85 108 229 228 227 201  90  90  86 175 192 194
  86  86  82  81  83 107 228 227 227 183  91  90  89  88  89  89
  76  78  77  78  81 105 228 227 227 183  86  84  83  82  83  82
  73  73  73  76  78 103 227 227 226 183  84  82  81  79  79  79
  72  72  72  74  77 102 226 226 226 182  84  81  79  78  78  78
  71  71  71  73  78 100 224 226 225 181  82  80  77  76  76  76
  69  70  72  74  74  93 223 223 221 180  80  78  77  76  78  78
 205 207 208 208 210 201  94  75  72 136 209 212 213 216 216 216
 206 208 211 211 211 201  95  77  75 139 209 213 215 219 219 219
 206 209 211 211 211 201  97  78  75 139 210 213 216 218 218 218
 208 210 210 210 209 201 100  78  74 139 211 213 216 217 217 217
 206 208 210 210 210 201  96  78  75 136 211 212 214 218 218 217
 205 207 204 202 203 198 101  92  88 139 208 207 208 210 215 216
 205 207 152 112 105 114 196 194 198 179 102 105 103 180 213 215
 205 208 133  76  73  90 208 212 216 189  76  78  75 178 211 215
 200 203 130  70  69  86 210 211 212 188  74  74  68 188 210 213
 177 180 102  68  68  85 209 210 212 188  73  73  69 160 178 180
  70  70  66  65  66  84 209 209 212 169  72  71  70  72  73  74
  60  62  61  62  64  82 209 209 211 170  70  68  67  66  67  67
  57  58  59  61  62  80 207 209 211 169  68  66  65  63  63  63
  56  56  58  60  61  78 206 208 211 169  68  65  64  62  62  62
  55  56  57  59  60  74 203 208 210 167  66  64  62  62  62  62
  53  54  56  58  59  71 205 205 206 166  64  62  61  60  62  62
 218 220 221 221 216 201  94  78  89 166 222 225 226 229 229 222
 219 220 221 221 217 202  96  78  89 166 222 226 227 228 228 224
 219 221 222 222 219 204  95  79  90 168 223 226 228 229 229 226
 221 223 223 223 221 206  93  79  91 169 224 226 229 229 229 227
 221 223 223 223 218 203  98  82  92 167 224 225 226 227 227 226
 220 221 218 215 212 203 106  97 103 164 215 215 217 225 230 225
 219 217 151 115 110 126 205 210 209 180 110 113 115 200 230 224
 218 215 126  82  85 120 227 220 214 177  84  86  89 205 228 222
 215 211 124  76  81 116 229 225 219 187  76  76  78 213 225 223
 189 188 100  71  77 115 228 225 219 187  75  75  75 176 189 187
  79  77  68  67  73 114 228 225 219 169  74  73  74  80  81  79
  62  64  63  64  71 112 228 224 219 169  72  70  69  68  69  69
  59  60  61  63  70 110 226 224 218 169  70  68  67  65  65  68
  58  58  60  62  69 108 225 224 217 168  70  67  66  64  64  67
  57  58  59  61  69 105 222 223 216 167  68  66  64  64  64  64
  55  56  58  60  65  99 221 221 212 166  66  64  63  62  64  64

 224 228 228 229 230 231 231 230 226 194  89  82  79  78  76  78
 225 229 229 228 228 231 231 230 223 192  89  83  79  78  76  78
 225 229 229 228 228 226 199 199 203 175  88  82  79  78  76  76
 225 226 227 228 225 217 123  94  85  86  89  83  81  79  77  77
 224 225 225 225 224 214 124  96  90  90  90  84  82  81  80  78
 221 221 222 223 223 214 122  94  90  90  91  86  84  84  82  80
 159 160 161 162 161 161 191 192 201 201 183 183 183 182 181 180
  91  92  93  93  95 106 213 223 227 227 227 227 226 226 225 221
  87  90  91  91  94 106 210 224 229 228 227 227 227 226 226 223
 102 107 109 110 110 112 208 228 229 229 228 228 227 226 224 223
 209 213 215 216 215 209 127 113 109 108 107 105 103 102 100  93
 220 223 224 223 223 216 118  91  87  85  83  81  78  77  78  74
 220 221 222 222 222 218 127  93  87  84  81  78  76  74  73  74
 220 221 222 222 222 220 165 145 142 116  82  77  73  72  71  72
 217 219 221 222 225 224 223 220 219 192  86  78  73  72  71  70
 214 217 218 220 224 223 221 217 218 188  86  76  73  72  71  69
 216 219 218 217 217 216 215 215 213 180  74  67  63  62  62  62
 216 219 218 217 218 215 213 211 210 178  73  67  63  62  62  62
 216 219 218 217 218 210 180 178 188 160  72  66  63  62  62  60
 213 215 216 216 214 208 103  75  68  69  70  67  65  64  62  61
 212 213 213 213 212 207 105  78  74  73  71  68  66  65  64  62
 209 209 210 211 211 208 102  76  74  73  72  70  68  68  66  64
 136 139 139 139 136 139 179 189 188 188 169 170 169 169 167 166
  72  75  75  74  75  88 198 216 212 212 212 211 211 211 210 206
  75  77  78  78  78  92 194 212 211 210 209 209 209 208 208 205
  94  95  97 100  96 101 196 208 210 209 209 209 207 206 203 205
 201 201 201 201 201 198 114  90  86  85  84  82  80  78  74  71
 210 211 211 209 210 203 105  73  69  68  66  64  62  61  60  59
 208 211 211 210 210 202 112  76  70  68  65  62  61  60  59  58
 208 211 211 210 210 204 152 133 130 102  66  61  59  58  57  56
 207 208 209 210 208 207 207 208 203 180  70  62  58  56  56  54
 205 206 206 208 206 205 205 205 200 177  70  60  57  56  55  53
 222 224 226 227 226 225 224 222 223 187  79  69  68  67  64  64
 229 228 229 229 227 230 230 228 225 189  81  69  65  64  64  64
 229 228 229 229 227 225 200 205 213 176  80  68  65  64  64  62
 226 227 228 229 226 217 115  89  78  75  74  69  67  66  64  63
 225 226 226 226 225 215 113  86  76  75  73  70  68  67  66  64
 222 222 223 224 224 215 110  84  76  75  74  72  70  70  68  66
 166 166 168 169 167 164 180 177 187 187 169 169 169 168 167 166
  89  89  90  91  92 103 209 214 219 219 219 219 218 217 216 212
  78  78  79  79  82  97 210 220 225 225 225 224 224 224 223 221
  94  96  95  93  98 106 205 227 229 228 228 228 226 225 222 221
 201 202 204 206 203 203 126 120 116 115 114 112 110 108 105  99
 216 217 219 221 218 212 110  85  81  77  73  71  70  69  69  65
 221 221 222 223 223 215 115  82  76  71  67  64  63  62  61  60
 221 221 222 223 223 218 151 126 124 100  68  63  61  60  59  58
 220 220 221 223 223 221 217 215 211 188  77  64  60  58  58  56
 218 219 219 221 221 220 219 218 215 189  79  62  59  58  57  55

  78  78  76  77  78  80 180 221 223 223  93  74  74  72  70  69
  76  76  76  77  80  82 181 225 226 224 100  78  73  71  71  71
  78  78  78  79  81  84 182 226 226 226 102  77  74  72  72  72
  79  79  79  81  82  84 183 226 227 227 103  78  76  73  73  73
  82  83  82  83  84  86 183 227 227 228 105  81  78  77  78  76
  89  89  88  89  90  91 183 227 227 228 107  83  81  82  86  86
 194 192 175  86  90  90 201 227 228 229 108  85  84 116 192 188
 226 223 203  85  90  90 201 227 229 229 109  87  87 142 219 218
 230 230 199  94  96  94 192 223 224 228 113  91  93 145 220 217
 231 231 199 123 124 122 191 213 210 208 127 118 127 165 223 221
 231 231 226 217 214 214 161 106 106 112 209 216 218 220 224 223
 230 228 228 225 224 223 161  95  94 110 215 223 222 222 225 224
 229 228 228 228 225 223 162  93  91 110 216 223 222 222 222 220
 228 229 229 227 225 222 161  93  91 109 215 224 222 222 221 218
 228 229 229 226 225 221 160  92  90 107 213 223 221 221 219 217
 224 225 225 225 224 221 159  91  87 102 209 220 220 220 217 214
  62  62  60  61  62  64 166 206 205 205  71  59  58  56  54  53
  62  62  62  62  64  66 167 210 208 203  74  60  59  57  56  55
  62  62  62  64  65  68 169 211 208 206  78  61  60  58  56  56
  63  63  63  65  66  68 169 211 209 207  80  62  61  59  58  57
  67  67  66  67  68  70 170 211 209 209  82  64  62  61  62  60
  74  73  72  70  71  72 169 212 209 209  84  66  65  66  70  70
 180 178 160  69  73  73 188 212 210 209  85  68  68 102 180 177
 213 210 188  68  74  74 188 212 211 210  86  69  70 130 203 200
 215 211 178  75  78  76 189 216 212 208  90  73  76 133 208 205
 215 213 180 103 105 102 179 198 194 196 114 105 112 152 207 205
 216 215 210 208 207 208 139  88  92 101 198 203 202 204 207 205
 217 218 218 214 212 211 136  75  78  96 201 210 210 210 208 206
 217 217 217 216 213 211 139  74  78 100 201 209 210 210 210 208
 218 218 218 216 213 210 139  75  78  97 201 211 211 211 209 206
 219 219 219 215 213 209 139  75  77  95 201 211 211 211 208 206
 216 216 216 213 212 209 136  72  75  94 201 210 208 208 207 205
  64  64  62  63  64  66 166 212 221 221  99  65  60  58  56  55
  64  64  64  64  66  68 167 216 223 222 105  69  61  59  58  57
  67  64  64  66  67  70 168 217 224 225 108  69  62  60  58  58
  68  65  65  67  68  70 169 218 224 226 110  70  63  61  60  59
  69  69  68  69  70  72 169 219 224 228 112  71  64  63  64  62
  79  81  80  74  73  74 169 219 225 228 114  73  67  68  77  79
 187 189 176  75  75  75 187 219 225 228 115  77  71 100 188 189
 223 225 213  78  76  76 187 219 225 229 116  81  76 124 211 215
 222 228 205  89  86  84 177 214 220 227 120  85  82 126 215 218
 224 230 200 115 113 110 180 209 210 205 126 110 115 151 217 219
 225 230 225 217 215 215 164 103  97 106 203 212 215 218 221 220
 226 227 227 226 225 224 167  92  82  98 203 218 223 223 223 221
 227 229 229 229 226 224 169  91  79  93 206 221 223 223 223 221
 226 229 229 228 226 223 168  90  79  95 204 219 222 222 221 219
 224 228 228 227 226 222 166  89  78  96 202 217 221 221 220 219
 222 229 229 226 225 222 166  89  78  94 201 216 221 221 220 218

  69  71  72  73  76  86 188 218 217 221 223 224 220 218 217 214
  70  71  72  73  78  86 192 219 220 223 224 225 222 221 219 217
  72  71  72  73  77  82 116 142 145 165 220 222 222 222 221 220
  74  73  74  76  78  81  84  87  93 127 218 222 222 222 221 220
  74  78  77  78  81  83  85  87  91 118 216 223 223 224 223 220
  93 100 102 103 105 107 108 109 113 127 209 215 216 215 213 209
 223 224 226 227 228 228 229 229 228 208 112 110 110 109 107 102
 223 226 226 227 227 227 228 229 224 210 106  94  91  91  90  87
 221 225 226 226 227 227 227 227 223 213 106  95  93  93  92  91
 180 181 182 183 183 183 201 201 192 191 161 161 162 161 160 159
  80  82  84  84  86  91  90  90  94 122 214 223 223 222 221 221
  78  80  81  82  84  90  90  90  96 124 214 224 225 225 225 224
  77  77  79  81  83  89  86  85  94 123 217 225 228 227 226 225
  76  76  78  79  82  88 175 203 199 199 226 228 228 229 229 225
  78  76  78  79  83  89 192 223 230 231 231 228 228 229 229 225
  78  76  78  79  82  89 194 226 230 231 231 230 229 228 228 224
  53  55  56  57  60  70 177 200 205 205 205 206 208 206 206 205
  54  56  56  58  62  70 180 203 208 207 207 208 210 209 208 207
  56  57  58  59  61  66 102 130 133 152 204 210 210 211 211 208
  58  59  60  61  62  65  68  70  76 112 202 210 210 211 211 208
  59  60  61  62  64  66  68  69  73 105 203 210 209 211 211 210
  71  74  78  80  82  84  85  86  90 114 198 201 201 201 201 201
 205 203 206 207 209 209 209 210 208 196 101  96 100  97  95  94
 205 208 208 209 209 209 210 211 212 194  92  78  78  78  77  75
 206 210 211 211 211 212 212 212 216 198  88  75  74  75  75  72
 166 167 169 169 170 169 188 188 189 179 139 136 139 139 139 136
  64  66  68  68  70  72  73  74  76 102 208 211 211 210 209 209
  62  64  65  66  68  71  73  74  78 105 207 212 213 213 213 212
  61  62  64  65  67  70  69  68  75 103 208 214 216 216 215 213
  60  62  62  63  66  72 160 188 178 180 210 218 217 218 219 216
  62  62  62  63  67  73 178 210 211 213 215 218 217 218 219 216
  62  62  62  63  67  74 180 213 215 215 216 217 217 218 219 216
  55  57  58  59  62  79 189 215 218 219 220 221 221 219 219 218
  56  58  58  60  64  77 188 211 215 217 221 223 223 221 220 220
  58  59  60  61  63  68 100 124 126 151 218 223 223 222 221 221
  60  61  62  63  64  67  71  76  82 115 215 223 223 222 221 221
  65  69  69  70  71  73  77  81  85 110 212 218 221 219 217 216
  99 105 108 110 112 114 115 116 120 126 203 203 206 204 202 201
 221 222 225 226 228 228 228 229 227 205 106  98  93  95  96  94
 221 223 224 224 224 225 225 225 220 210  97  82  79  79  78  78
 212 216 217 218 219 219 219 219 214 209 103  92  91  90  89  89
 166 167 168 169 169 169 187 187 177 180 164 167 169 168 166 166
  66  68  70  70  72  74  75  76  84 110 215 224 224 223 222 222
  64  66  67  68  70  73  75  76  86 113 215 225 226 226 226 225
  63  64  66  67  69  74  75  78  89 115 217 226 229 228 227 226
  62  64  64  65  68  80 176 213 205 200 225 227 229 229 228 229
  64  64  64  65  69  81 189 225 228 230 230 227 229 229 228 229
  64  64  67  68  69  79 187 223 222 224 225 226 227 226 224 222

