  90  91  90  93  91  92  92  93  93 105 217 212 213 178  89  89
  94  95  94  97  96  95  94  92  95  96 212 208 208 182  94  97
 163 165 159 156 160 155 121  95  93  91 145 145 144 158 154 158
 213 213 213 215 213 215 152  96  95  95  96  99 102 131 213 211
 217 217 218 217 217 214 144  97  95  95  94  95  99 144 212 211
 217 217 217 206 202 199 139 110 108 113 102 102 103 141 211 211
 217 216 195 124 117 121 172 188 191 196 102 100 101 120 212 212
 217 217 198  98 102  97 182 214 214 224 110  99  99 129 213 213
 216 215 197  94 101  98 188 212 212 223 111 107 100 137 211 210
 187 184 167  93 102 101 194 211 210 216 131 128 137 153 189 189
  99  99  98  98 102 103 196 215 215 215 212 211 208 180 106 102
  95  95  96  99 102  97 174 215 215 215 214 213 211 193  92  95
 103 106 108 106 104  98 183 215 215 215 213 211 211 200  95  97
 164 157 148 158 166 161 192 214 213 214 167 158 156 165 160 156
 211 211 211 211 212 213 213 214 212 209 112 104 105 151 204 205
 210 210 211 211 213 211 211 210 209 214 103  99 101 136 205 205
  73  74  73  74  72  73  72  72  72  85 199 194 195 164  75  75
  78  79  78  78  77  76  73  71  75  77 198 194 194 166  77  80
 152 155 149 149 156 153 110  76  74  76 140 137 136 147 143 148
 201 202 201 202 200 200 134  77  76  75  73  76  80 114 195 193
 201 201 202 201 201 198 126  78  76  76  75  76  78 125 194 193
 202 202 202 198 195 191 125  89  87  92  75  75  76 120 193 193
 203 202 181 108 100 103 160 185 189 194  79  76  76 100 194 194
 200 201 186  81  81  73 161 198 198 208  93  80  76 110 195 195
 198 199 184  75  76  72 165 199 200 211  91  81  78 119 193 192
 171 168 151  70  73  72 170 201 200 206 118 111 115 139 178 177
  81  81  80  74  73  74 170 199 199 199 196 195 192 165  89  81
  75  76  77  75  73  71 151 199 199 199 198 197 195 178  77  77
  73  75  77  76  77  71 160 199 199 199 197 195 195 182  76  78
 155 155 146 146 156 153 185 198 197 198 153 145 142 148 139 136
 194 195 195 195 196 197 197 198 196 193  88  78  79 132 194 194
 192 194 195 195 197 195 195 194 193 198  79  72  74 115 193 193
  75  76  75  76  74  75  74  74  74  90 210 205 206 166  77  77
  80  81  80  80  79  78  75  73  77  81 207 203 203 167  78  80
 157 161 155 149 156 153 111  78  76  79 146 143 142 156 153 158
 208 209 209 205 205 205 137  79  78  78  77  80  84 129 210 208
 212 212 213 210 209 206 131  80  78  78  77  78  80 137 209 208
 208 208 207 203 202 198 127  83  81  89  79  79  80 133 208 208
 205 204 183 114 107 112 168 191 196 201  78  78  82 111 207 206
 208 204 178  77  84  85 175 209 209 219  84  79  84 121 206 206
 206 202 179  75  84  84 178 209 210 221  90  84  82 128 204 203
 173 170 153  78  86  85 182 210 209 215 119 113 119 146 186 185
  83  83  82  82  86  87 182 210 210 210 204 203 200 169  91  83
  77  78  79  82  86  84 163 210 210 210 207 206 204 183  78  79
  77  79  81  84  89  83 172 210 210 210 208 206 206 189  78  80
 158 157 148 153 164 161 193 208 206 207 158 148 146 155 151 147
 206 206 206 205 204 205 205 206 204 201  92  81  83 140 205 205
 204 205 206 206 207 205 206 202 201 206  84  76  78 123 208 208

  89  97 158 211 211 211 212 213 210 189 102  95  97 156 205 205
  89  94 154 213 212 211 212 213 211 189 106  92  95 160 204 205
 178 182 158 131 144 141 120 129 137 153 180 193 200 165 151 136
 213 208 144 102  99 103 101  99 100 137 208 211 211 156 105 101
 212 208 145  99  95 102 100  99 107 128 211 213 211 158 104  99
 217 212 145  96  94 102 102 110 111 131 212 214 213 167 112 103
 105  96  91  95  95 113 196 224 223 216 215 215 215 214 209 214
  93  95  93  95  95 108 191 214 212 210 215 215 215 213 212 209
  93  92  95  96  97 110 188 214 212 211 215 215 215 214 214 210
  92  94 121 152 144 139 172 182 188 194 196 174 183 192 213 211
  92  95 155 215 214 199 121  97  98 101 103  97  98 161 213 211
  91  96 160 213 217 202 117 102 101 102 102 102 104 166 212 213
  93  97 156 215 217 206 124  98  94  93  98  99 106 158 211 211
  90  94 159 213 218 217 195 198 197 167  98  96 108 148 211 211
  91  95 165 213 217 217 216 217 215 184  99  95 106 157 211 210
  90  94 163 213 217 217 217 217 216 187  99  95 103 164 211 210
  75  80 148 193 193 193 194 195 192 177  81  77  78 136 194 193
  75  77 143 195 194 193 194 195 193 178  89  77  76 139 194 193
 164 166 147 114 125 120 100 110 119 139 165 178 182 148 132 115
 195 194 136  80  78  76  76  76  78 115 192 195 195 142  79  74
 194 194 137  76  76  75  76  80  81 111 195 197 195 145  78  72
 199 198 140  73  75  75  79  93  91 118 196 198 197 153  88  79
  85  77  76  75  76  92 194 208 211 206 199 199 199 198 193 198
  72  75  74  76  76  87 189 198 200 200 199 199 199 197 196 193
  72  71  76  77  78  89 185 198 199 201 199 199 199 198 198 194
  72  73 110 134 126 125 160 161 165 170 170 151 160 185 197 195
  73  76 153 200 198 191 103  73  72  72  74  71  71 153 197 195
  72  77 156 200 201 195 100  81  76  73  73  73  77 156 196 197
  74  78 149 202 201 198 108  81  75  70  74  75  76 146 195 195
  73  78 149 201 202 202 181 186 184 151  80  77  77 146 195 195
  74  79 155 202 201 202 202 201 199 168  81  76  75 155 195 194
  73  78 152 201 201 202 203 200 198 171  81  75  73 155 194 192
  77  80 158 208 208 208 206 206 203 185  83  79  80 147 205 208
  77  78 153 210 209 208 207 206 204 186  91  78  78 151 205 208
 166 167 156 129 137 133 111 121 128 146 169 183 189 155 140 123
 206 203 142  84  80  80  82  84  82 119 200 204 206 146  83  78
 205 203 143  80  78  79  78  79  84 113 203 206 206 148  81  76
 210 207 146  77  77  79  78  84  90 119 204 207 208 158  92  84
  90  81  79  78  78  89 201 219 221 215 210 210 210 207 201 206
  74  77  76  78  78  81 196 209 210 209 210 210 210 206 204 201
  74  73  78  79  80  83 191 209 209 210 210 210 210 208 206 202
  74  75 111 137 131 127 168 175 178 182 182 163 172 193 205 206
  75  78 153 205 206 198 112  85  84  85  87  84  83 161 205 205
  74  79 156 205 209 202 107  84  84  86  86  86  89 164 204 207
  76  80 149 205 210 203 114  77  75  78  82  82  84 153 205 206
  75  80 155 209 213 207 183 178 179 153  82  79  81 148 206 206
  76  81 161 209 212 208 204 204 202 170  83  78  79 157 206 205
  75  80 157 208 212 208 205 208 206 173  83  77  77 158 206 204

 205 205 136 101  99 103 214 209 210 211 211 213 211 211 210 210
 205 204 151 105 104 112 209 212 214 213 213 212 211 211 211 211
 156 160 165 156 158 167 214 213 214 192 161 166 158 148 157 164
  97  95 200 211 211 213 215 215 215 183  98 104 106 108 106 103
  95  92 193 211 213 214 215 215 215 174  97 102  99  96  95  95
 102 106 180 208 211 212 215 215 215 196 103 102  98  98  99  99
 189 189 153 137 128 131 216 210 211 194 101 102  93 167 184 187
 210 211 137 100 107 111 223 212 212 188  98 101  94 197 215 216
 213 213 129  99  99 110 224 214 214 182  97 102  98 198 217 217
 212 212 120 101 100 102 196 191 188 172 121 117 124 195 216 217
 211 211 141 103 102 102 113 108 110 139 199 202 206 217 217 217
 211 212 144  99  95  94  95  95  97 144 214 217 217 218 217 217
 211 213 131 102  99  96  95  95  96 152 215 213 215 213 213 213
 158 154 158 144 145 145  91  93  95 121 155 160 156 159 165 163
  97  94 182 208 208 212  96  95  92  94  95  96  97  94  95  94
  89  89 178 213 212 217 105  93  93  92  92  91  93  90  91  90
 193 193 115  74  72  79 198 193 194 195 195 197 195 195 194 192
 194 194 132  79  78  88 193 196 198 197 197 196 195 195 195 194
 136 139 148 142 145 153 198 197 198 185 153 156 146 146 155 155
  78  76 182 195 195 197 199 199 199 160  71  77  76  77  75  73
  77  77 178 195 197 198 199 199 199 151  71  73  75  77  76  75
  81  89 165 192 195 196 199 199 199 170  74  73  74  80  81  81
 177 178 139 115 111 118 206 200 201 170  72  73  70 151 168 171
 192 193 119  78  81  91 211 200 199 165  72  76  75 184 199 198
 195 195 110  76  80  93 208 198 198 161  73  81  81 186 201 200
 194 194 100  76  76  79 194 189 185 160 103 100 108 181 202 203
 193 193 120  76  75  75  92  87  89 125 191 195 198 202 202 202
 193 194 125  78  76  75  76  76  78 126 198 201 201 202 201 201
 193 195 114  80  76  73  75  76  77 134 200 200 202 201 202 201
 148 143 147 136 137 140  76  74  76 110 153 156 149 149 155 152
  80  77 166 194 194 198  77  75  71  73  76  77  78  78  79  78
  75  75 164 195 194 199  85  72  72  72  73  72  74  73  74  73
 208 208 123  78  76  84 206 201 202 206 205 207 206 206 205 204
 205 205 140  83  81  92 201 204 206 205 205 204 205 206 206 206
 147 151 155 146 148 158 207 206 208 193 161 164 153 148 157 158
  80  78 189 206 206 208 210 210 210 172  83  89  84  81  79  77
  79  78 183 204 206 207 210 210 210 163  84  86  82  79  78  77
  83  91 169 200 203 204 210 210 210 182  87  86  82  82  83  83
 185 186 146 119 113 119 215 209 210 182  85  86  78 153 170 173
 203 204 128  82  84  90 221 210 209 178  84  84  75 179 202 206
 206 206 121  84  79  84 219 209 209 175  85  84  77 178 204 208
 206 207 111  82  78  78 201 196 191 168 112 107 114 183 204 205
 208 208 133  80  79  79  89  81  83 127 198 202 203 207 208 208
 208 209 137  80  78  77  78  78  80 131 206 209 210 213 212 212
 208 210 129  84  80  77  78  78  79 137 205 205 205 209 209 208
 158 153 156 142 143 146  79  76  78 111 153 156 149 155 161 157
  80  78 167 203 203 207  81  77  73  75  78  79  80  80  81  80
  77  77 166 206 205 210  90  74  74  74  75  74  76  75  76  75

 210 211 164 103  95  99 187 216 217 217 217 217 213 163  94  90
 210 211 157 106  95  99 184 215 217 216 217 217 213 165  95  91
 211 211 148 108  96  98 167 197 198 195 217 218 213 159  94  90
 211 211 158 106  99  98  93  94  98 124 206 217 215 156  97  93
 213 212 166 104 102 102 102 101 102 117 202 217 213 160  96  91
 211 213 161  98  97 103 101  98  97 121 199 214 215 155  95  92
 211 213 192 183 174 196 194 188 182 172 139 144 152 121  94  92
 210 214 214 215 215 215 211 212 214 188 110  97  96  95  92  93
 209 212 213 215 215 215 210 212 214 191 108  95  95  93  95  93
 214 209 214 215 215 215 216 223 224 196 113  95  95  91  96 105
 103 112 167 213 214 212 131 111 110 102 102  94  96 145 212 217
  99 104 158 211 213 211 128 107  99 100 102  95  99 145 208 212
 101 105 156 211 211 208 137 100  99 101 103  99 102 144 208 213
 136 151 165 200 193 180 153 137 129 120 141 144 131 158 182 178
 205 204 160  95  92 106 189 211 213 212 211 212 213 154  94  89
 205 205 156  97  95 102 189 210 213 212 211 211 211 158  97  89
 192 194 155  73  75  81 171 198 200 203 202 201 201 152  78  73
 194 195 155  75  76  81 168 199 201 202 202 201 202 155  79  74
 195 195 146  77  77  80 151 184 186 181 202 202 201 149  78  73
 195 195 146  76  75  74  70  75  81 108 198 201 202 149  78  74
 197 196 156  77  73  73  73  76  81 100 195 201 200 156  77  72
 195 197 153  71  71  74  72  72  73 103 191 198 200 153  76  73
 195 197 185 160 151 170 170 165 161 160 125 126 134 110  73  72
 194 198 198 199 199 199 201 199 198 185  89  78  77  76  71  72
 193 196 197 199 199 199 200 200 198 189  87  76  76  74  75  72
 198 193 198 199 199 199 206 211 208 194  92  76  75  76  77  85
  79  88 153 197 198 196 118  91  93  79  75  75  73 140 198 199
  72  78 145 195 197 195 111  81  80  76  75  76  76 137 194 194
  74  79 142 195 195 192 115  78  76  76  76  78  80 136 194 195
 115 132 148 182 178 165 139 119 110 100 120 125 114 147 166 164
 193 194 139  76  77  89 178 193 195 194 193 194 195 143  77  75
 193 194 136  78  77  81 177 192 195 194 193 193 193 148  80  75
 204 206 158  77  77  83 173 206 208 205 208 212 208 157  80  75
 205 206 157  79  78  83 170 202 204 204 208 212 209 161  81  76
 206 206 148  81  79  82 153 179 178 183 207 213 209 155  80  75
 206 205 153  84  82  82  78  75  77 114 203 210 205 149  80  76
 207 204 164  89  86  86  86  84  84 107 202 209 205 156  79  74
 205 205 161  83  84  87  85  84  85 112 198 206 205 153  78  75
 206 205 193 172 163 182 182 178 175 168 127 131 137 111  75  74
 202 206 208 210 210 210 210 209 209 191  83  80  79  78  73  74
 201 204 206 210 210 210 209 210 209 196  81  78  78  76  77  74
 206 201 207 210 210 210 215 221 219 201  89  78  78  79  81  90
  84  92 158 208 207 204 119  90  84  78  79  77  77 146 207 210
  76  81 148 206 206 203 113  84  79  78  79  78  80 143 203 205
  78  83 146 206 204 200 119  82  84  82  80  80  84 142 203 206
 123 140 155 189 183 169 146 128 121 111 133 137 129 156 167 166
 208 205 151  78  78  91 186 204 206 207 208 209 210 153  78  77
 208 205 147  80  79  83 185 203 206 206 208 208 208 158  80  77

