 195 198 199 200 199 199 108  79  79 104 202 201 202 202 202 202
 197 199 202 202 201 201 110  79  79 107 203 203 205 206 206 205
 199 202 203 203 203 204 113  88  89 113 208 206 208 208 208 207
 200 203 205 205 204 205 116  87  87 112 211 207 208 210 209 209
 203 205 205 206 205 204 115  87  90 114 213 208 210 211 211 211
 204 205 205 205 207 204 121  94  96 114 212 208 209 213 212 212
 204 205 175 122 126 124 162 180 181 190 121 125 124 164 212 211
 204 205 172  88  87  91 176 210 209 219  92  97  94 146 213 211
 202 202 178  84  85  87 177 212 211 221  90  94  91 144 210 211
 190 191 167 102 108 112 184 211 211 222 117 119 120 148 185 186
  84  88 118 202 205 207 210 211 212 212 212 213 213 154  89  88
  75  78 133 204 207 209 210 211 212 213 213 212 212 140  87  86
  73  76 141 204 207 208 210 211 212 213 212 212 211 138  85  83
  68  73 141 203 207 208 209 210 211 212 212 212 211 143  81  80
  67  72 138 203 207 208 208 210 211 211 211 211 210 147  80  77
  68  73 135 207 205 207 209 209 211 216 214 211 212 154  81  78
 191 194 195 196 195 193 106  69  69  94 194 199 200 200 200 200
 193 195 198 198 197 197 105  73  72 103 199 201 203 204 204 203
 195 198 199 199 199 198 111  74  73 103 200 203 205 206 206 205
 196 199 201 201 200 199 114  74  74  97 202 205 206 208 207 207
 199 201 201 202 201 199 117  76  79  99 206 206 208 209 209 209
 200 201 202 202 201 199 121  80  81 105 207 205 206 208 210 210
 200 201 175 119 114 112 155 175 178 189 115 118 118 153 209 209
 200 201 165  79  77  80 166 207 209 213  83  79  82 134 210 209
 198 198 172  78  77  79 164 209 209 216  82  78  80 133 207 209
 185 185 164  97  98 102 175 208 209 214 107 104 104 142 190 191
  73  76 114 198 202 203 206 209 210 211 208 209 210 156  85  81
  64  66 129 200 204 206 206 209 210 211 211 210 210 139  79  75
  62  64 136 198 203 205 207 209 210 211 210 210 209 136  76  72
  61  65 135 197 203 205 207 208 209 210 210 210 210 143  75  72
  57  63 130 198 203 205 206 208 209 209 209 209 208 145  74  70
  58  61 121 196 201 203 204 206 209 209 209 209 208 147  72  68
 206 209 208 209 208 203  96  82  82 114 212 208 209 209 209 209
 206 209 211 211 210 203 105  80  81 118 213 210 212 213 213 212
 211 213 212 212 212 208 102  85  83 117 213 215 215 215 213 211
 211 213 215 215 213 209 106  84  82 112 215 214 215 216 214 213
 212 214 215 215 214 211 107  87  89 111 216 215 215 215 216 217
 213 214 212 211 211 207 115  92  94 113 214 212 212 214 217 217
 213 214 185 131 131 130 166 182 185 194 121 121 122 173 214 215
 215 216 171  87  89  97 185 217 217 214  87  90  91 158 215 215
 212 211 181  86  84  89 190 218 218 216  84  86  86 152 212 215
 198 198 175 109 111 118 193 219 218 217 110 108 110 152 197 195
  87  90 129 212 213 216 219 219 219 216 213 213 213 154  88  87
  77  80 144 214 215 218 219 219 219 218 218 216 215 142  80  76
  74  77 154 216 216 217 218 218 219 220 219 216 215 142  78  73
  71  75 155 215 216 216 216 217 218 219 218 216 213 144  75  72
  70  76 154 214 216 216 215 217 218 216 216 215 213 150  80  76
  71  74 147 217 213 215 217 216 218 218 217 215 214 153  80  77

 202 205 207 209 211 212 211 211 211 186  88  86  83  80  77  78
 202 206 208 209 211 212 212 213 210 185  89  87  85  81  80  81
 202 206 208 210 211 213 164 146 144 148 154 140 138 143 147 154
 202 205 208 208 210 209 124  94  91 120 213 212 211 211 210 212
 201 203 206 207 208 208 125  97  94 119 213 212 212 212 211 211
 202 203 208 211 213 212 121  92  90 117 212 213 212 212 211 214
 104 107 113 112 114 114 190 219 221 222 212 213 213 212 211 216
  79  79  89  87  90  96 181 209 211 211 212 212 212 211 211 211
  79  79  88  87  87  94 180 210 212 211 211 211 211 210 210 209
 108 110 113 116 115 121 162 176 177 184 210 210 210 209 208 209
 199 201 204 205 204 204 124  91  87 112 207 209 208 208 208 207
 199 201 203 204 205 207 126  87  85 108 205 207 207 207 207 205
 200 202 203 205 206 205 122  88  84 102 202 204 204 203 203 207
 199 202 203 205 205 205 175 172 178 167 118 133 141 141 138 135
 198 199 202 203 205 205 205 205 202 191  88  78  76  73  72  73
 195 197 199 200 203 204 204 204 202 190  84  75  73  68  67  68
 200 203 205 207 209 210 209 209 209 191  81  75  72  72  70  68
 200 204 206 207 209 210 209 210 207 190  85  79  76  75  74  72
 200 204 206 208 209 208 153 134 133 142 156 139 136 143 145 147
 200 203 205 206 208 206 118  82  80 104 210 210 209 210 208 208
 199 201 203 205 206 205 118  79  78 104 209 210 210 210 209 209
 194 199 200 202 206 207 115  83  82 107 208 211 210 210 209 209
  94 103 103  97  99 105 189 213 216 214 211 211 211 210 209 209
  69  72  73  74  79  81 178 209 209 209 210 210 210 209 209 209
  69  73  74  74  76  80 175 207 209 208 209 209 209 208 208 206
 106 105 111 114 117 121 155 166 164 175 206 206 207 207 206 204
 193 197 198 199 199 199 112  80  79 102 203 206 205 205 205 203
 195 197 199 200 201 201 114  77  77  98 202 204 203 203 203 201
 196 198 199 201 202 202 119  79  78  97 198 200 198 197 198 196
 195 198 199 201 201 202 175 165 172 164 114 129 136 135 130 121
 194 195 198 199 201 201 201 201 198 185  76  66  64  65  63  61
 191 193 195 196 199 200 200 200 198 185  73  64  62  61  57  58
 209 212 211 213 217 217 215 215 215 195  87  76  73  72  76  77
 209 213 213 214 216 217 214 215 212 197  88  80  78  75  80  80
 209 213 215 216 215 214 173 158 152 152 154 142 142 144 150 153
 209 212 215 215 215 212 122  91  86 110 213 215 215 213 213 214
 208 210 215 214 215 212 121  90  86 108 213 216 216 216 215 215
 212 213 213 215 216 214 121  87  84 110 213 218 219 218 216 217
 114 118 117 112 111 113 194 214 216 217 216 218 220 219 216 218
  82  81  83  82  89  94 185 217 218 218 219 219 219 218 218 218
  82  80  85  84  87  92 182 217 218 219 219 219 218 217 217 216
  96 105 102 106 107 115 166 185 190 193 219 219 218 216 215 217
 203 203 208 209 211 207 130  97  89 118 216 218 217 216 216 215
 208 210 212 213 214 211 131  89  84 111 213 215 216 216 216 213
 209 211 212 215 215 211 131  87  86 109 212 214 216 215 214 217
 208 211 212 215 215 212 185 171 181 175 129 144 154 155 154 147
 209 209 213 213 214 214 214 216 211 198  90  80  77  75  76  74
 206 206 211 211 212 213 213 215 212 198  87  77  74  71  70  71

  78  81 154 212 211 214 216 211 209 209 207 205 207 135  73  68
  77  80 147 210 211 211 211 211 210 208 208 207 203 138  72  67
  80  81 143 211 212 212 212 211 210 209 208 207 203 141  73  68
  83  85 138 211 212 212 213 212 211 210 208 207 204 141  76  73
  86  87 140 212 212 213 213 212 211 210 209 207 204 133  78  75
  88  89 154 213 213 212 212 212 211 210 207 205 202 118  88  84
 186 185 148 120 119 117 222 211 211 184 112 108 102 167 191 190
 211 210 144  91  94  90 221 211 212 177  87  85  84 178 202 202
 211 213 146  94  97  92 219 209 210 176  91  87  88 172 205 204
 211 212 164 124 125 121 190 181 180 162 124 126 122 175 205 204
 212 212 213 209 208 212 114  96  94 121 204 207 205 205 205 204
 211 211 211 210 208 213 114  90  87 115 204 205 206 205 205 203
 209 209 210 208 207 211 112  87  87 116 205 204 205 205 203 200
 207 208 208 208 206 208 113  89  88 113 204 203 203 203 202 199
 205 206 206 205 203 203 107  79  79 110 201 201 202 202 199 197
 202 202 202 202 201 202 104  79  79 108 199 199 200 199 198 195
  68  72 147 208 209 209 209 209 206 204 203 201 196 121  61  58
  70  74 145 208 209 209 209 209 208 206 205 203 198 130  63  57
  72  75 143 210 210 210 210 209 208 207 205 203 197 135  65  61
  72  76 136 209 210 210 211 210 209 207 205 203 198 136  64  62
  75  79 139 210 210 211 211 210 209 206 206 204 200 129  66  64
  81  85 156 210 209 208 211 210 209 206 203 202 198 114  76  73
 191 190 142 104 104 107 214 209 208 175 102  98  97 164 185 185
 209 207 133  80  78  82 216 209 209 164  79  77  78 172 198 198
 209 210 134  82  79  83 213 209 207 166  80  77  79 165 201 200
 209 209 153 118 118 115 189 178 175 155 112 114 119 175 201 200
 210 210 208 206 205 207 105  81  80 121 199 201 202 202 201 200
 209 209 209 208 206 206  99  79  76 117 199 201 202 201 201 199
 207 207 208 206 205 202  97  74  74 114 199 200 201 201 199 196
 205 206 206 205 203 200 103  73  74 111 198 199 199 199 198 195
 203 204 204 203 201 199 103  72  73 105 197 197 198 198 195 193
 200 200 200 200 199 194  94  69  69 106 193 195 196 195 194 191
  77  80 153 214 215 217 218 218 216 217 215 213 217 147  74  71
  76  80 150 213 215 216 216 218 217 215 216 216 214 154  76  70
  72  75 144 213 216 218 219 218 217 216 216 216 215 155  75  71
  73  78 142 215 216 219 220 219 218 218 217 216 216 154  77  74
  76  80 142 215 216 218 218 219 219 219 218 215 214 144  80  77
  87  88 154 213 213 213 216 219 219 219 216 213 212 129  90  87
 195 197 152 110 108 110 217 218 219 193 118 111 109 175 198 198
 215 212 152  86  86  84 216 218 218 190  89  84  86 181 211 212
 215 215 158  91  90  87 214 217 217 185  97  89  87 171 216 215
 215 214 173 122 121 121 194 185 182 166 130 131 131 185 214 213
 217 217 214 212 212 214 113  94  92 115 207 211 211 212 214 213
 217 216 215 215 215 216 111  89  87 107 211 214 215 215 214 212
 213 214 216 215 214 215 112  82  84 106 209 213 215 215 213 211
 211 213 215 215 215 213 117  83  85 102 208 212 212 212 213 211
 212 213 213 212 210 213 118  81  80 105 203 210 211 211 209 206
 209 209 209 209 208 212 114  82  82  96 203 208 209 208 209 206

  68  67  68  73  75  84 190 202 204 204 204 203 200 199 197 195
  73  72  73  76  78  88 191 202 205 205 205 205 203 202 199 198
 135 138 141 141 133 118 167 178 172 175 205 205 205 203 202 199
 207 203 203 204 204 202 102  84  88 122 205 206 205 203 202 200
 205 207 207 207 207 205 108  85  87 126 207 205 204 203 201 199
 207 208 208 208 209 207 112  87  91 124 204 204 205 204 201 199
 209 208 209 210 210 210 184 177 176 162 121 115 116 113 110 108
 209 210 210 211 211 211 211 212 210 180  94  87  87  88  79  79
 211 211 211 212 212 212 211 211 209 181  96  90  87  89  79  79
 216 211 212 213 213 212 222 221 219 190 114 114 112 113 107 104
 214 211 212 212 213 212 117  90  92 121 212 213 211 208 203 202
 211 211 212 212 212 213 119  94  97 125 208 208 207 206 203 201
 212 210 211 211 212 213 120  91  94 124 209 210 208 208 205 202
 154 147 143 138 140 154 148 144 146 164 213 211 210 208 206 202
  81  80  81  85  87  89 185 210 213 212 212 211 209 208 206 202
  78  77  80  83  86  88 186 211 211 211 212 211 209 207 205 202
  58  57  61  62  64  73 185 198 200 200 200 199 196 195 193 191
  61  63  65  64  66  76 185 198 201 201 201 201 199 198 195 194
 121 130 135 136 129 114 164 172 165 175 202 201 201 199 198 195
 196 198 197 198 200 198  97  78  79 119 202 202 201 199 198 196
 201 203 203 203 204 202  98  77  77 114 201 201 200 199 197 195
 203 205 205 205 206 203 102  79  80 112 199 199 199 198 197 193
 204 206 207 207 206 206 175 164 166 155 121 117 114 111 105 106
 206 208 208 209 209 209 208 209 207 175  80  76  74  74  73  69
 209 209 209 210 210 210 209 209 209 178  81  79  74  73  72  69
 209 209 210 211 211 211 214 216 213 189 105  99  97 103 103  94
 209 209 210 210 211 208 107  82  83 115 207 206 202 200 199 194
 209 209 210 210 210 209 104  78  79 118 205 206 205 203 201 199
 208 208 210 209 210 210 104  80  82 118 206 208 206 205 203 200
 147 145 143 136 139 156 142 133 134 153 208 209 208 206 204 200
  72  74  75  76  79  85 190 207 210 209 210 209 207 206 204 200
  68  70  72  72  75  81 191 209 209 209 210 209 207 205 203 200
  71  70  71  74  77  87 198 212 215 213 213 212 211 211 206 206
  74  76  75  77  80  90 198 211 216 214 214 214 213 213 209 209
 147 154 155 154 144 129 175 181 171 185 212 215 215 212 211 208
 217 214 215 216 214 212 109  86  87 131 211 215 215 212 211 209
 213 216 216 216 215 213 111  84  89 131 211 214 213 212 210 208
 215 216 216 217 218 216 118  89  97 130 207 211 209 208 203 203
 217 215 216 218 219 219 193 190 185 166 115 107 106 102 105  96
 216 217 217 218 219 219 219 218 217 182  92  87  84  85  80  82
 218 218 218 219 219 219 218 218 217 185  94  89  82  83  81  82
 218 216 219 220 218 216 217 216 214 194 113 111 112 117 118 114
 217 216 218 219 218 213 110  84  87 121 214 216 215 213 213 212
 215 215 216 216 216 213 108  86  90 121 212 215 214 215 210 208
 214 213 213 215 215 213 110  86  91 122 212 215 215 215 212 209
 153 150 144 142 142 154 152 152 158 173 214 215 216 215 213 209
  80  80  75  78  80  88 197 212 215 214 217 216 214 213 213 209
  77  76  72  73  76  87 195 215 215 215 217 217 213 211 212 209

