 210 210 211 210 209 208 130  89  88  92 212 208 210 211 209 208
 210 210 212 212 210 210 126  92  90  99 216 212 212 212 212 212
 210 211 213 213 212 211 145  95  94 105 215 213 213 213 213 213
 211 213 214 214 215 215 142  94  95 107 215 213 214 214 213 213
 211 213 213 213 216 218 132  96  95 103 219 213 215 215 214 214
 211 212 211 210 212 215 128  99  97  96 218 211 213 213 213 214
 211 212 186 127 125 125 178 190 189 193 124 133 136 172 216 214
 210 211 172  96  93  92 194 216 216 216 108  98  96 152 214 214
 208 208 162  93  91  91 193 213 213 211 100  98  94 157 217 214
 184 187 161  86  87  89 194 215 214 218 116 119 121 172 218 215
  87  90  85  83  84  87 182 214 215 215 214 213 213 216 218 216
  75  77  81  81  81  84 186 213 215 215 216 216 216 217 217 215
  73  74  78  79  80  82 186 211 213 214 216 216 217 217 217 214
  71  72  75  78  79  78 190 212 213 213 211 211 214 217 217 216
  71  71  75  76  77  78 184 209 209 210 213 214 214 215 216 214
  70  70  74  75  77  76 189 207 206 207 211 211 211 211 211 210
 201 202 203 203 202 204 126  79  78  83 204 200 203 204 202 201
 201 202 205 205 203 206 123  79  77  88 207 203 205 205 205 205
 201 203 206 206 204 206 144  79  78  92 205 204 206 206 206 206
 204 206 207 207 204 207 140  78  79  94 205 206 207 207 206 206
 204 206 206 206 203 205 124  80  79  88 208 205 208 208 207 207
 204 205 204 203 202 203 118  83  81  83 210 204 206 206 206 207
 204 205 177 118 115 113 166 176 174 182 116 124 128 162 207 207
 203 204 158  82  77  74 176 206 206 207  97  82  83 140 204 207
 200 199 146  77  72  69 171 205 206 204  90  82  81 145 206 209
 181 183 146  71  71  70 173 204 207 210 106 108 109 160 207 209
  70  73  71  69  69  71 165 203 207 207 204 204 203 205 207 209
  65  67  65  65  66  70 172 202 206 206 207 207 207 208 208 208
  63  64  63  63  65  68 172 201 204 205 207 207 208 208 208 206
  61  62  61  62  64  66 177 202 204 205 207 207 207 208 208 209
  61  61  60  60  62  65 171 201 203 204 205 206 206 206 207 206
  59  59  59  59  62  62 175 199 202 203 204 205 204 204 205 204
 212 211 211 211 209 203 122  85  84  93 217 213 212 213 210 207
 214 214 212 212 211 204 116  86  84  98 220 216 214 214 213 211
 214 214 212 212 212 206 133  87  86 103 219 215 215 215 214 212
 213 215 216 216 216 208 125  86  87 108 221 212 216 216 215 212
 213 215 215 215 214 208 114  88  87 105 227 214 214 214 213 216
 213 214 212 211 210 207 117  92  91  96 222 213 214 215 214 213
 213 213 182 123 122 122 175 186 185 190 122 132 138 174 217 213
 212 213 160  84  87  91 193 215 215 210  92  90  97 155 216 212
 212 212 148  79  84  91 193 215 215 208  84  89  95 160 218 209
 193 195 148  73  78  86 197 218 216 218 109 114 121 173 219 213
  83  85  74  72  75  87 187 218 218 218 214 213 215 218 220 216
  71  73  73  73  77  90 192 217 219 219 220 220 220 221 221 216
  72  73  73  74  78  88 192 216 217 218 220 220 221 221 221 215
  68  69  71  73  76  82 193 216 217 218 220 220 220 221 221 216
  68  69  70  71  75  82 189 215 216 217 218 219 219 219 220 217
  68  67  69  70  73  82 196 213 215 216 217 218 217 217 218 217

 208 212 213 213 214 214 214 214 214 215 216 215 214 216 214 210
 209 212 213 213 214 213 216 214 217 218 218 217 217 217 216 211
 211 212 213 214 215 213 172 152 157 172 216 217 217 217 215 211
 210 212 213 214 215 213 136  96  94 121 213 216 217 214 214 211
 208 212 213 213 213 211 133  98  98 119 213 216 216 211 214 211
 212 216 215 215 219 218 124 108 100 116 214 216 216 211 213 211
  92  99 105 107 103  96 193 216 211 218 215 215 214 213 210 207
  88  90  94  95  95  97 189 216 213 214 215 215 213 213 209 206
  89  92  95  94  96  99 190 216 213 215 214 213 211 212 209 207
 130 126 145 142 132 128 178 194 193 194 182 186 186 190 184 189
 208 210 211 215 218 215 125  92  91  89  87  84  82  78  78  76
 209 210 212 215 216 212 125  93  91  87  84  81  80  79  77  77
 210 212 213 214 213 210 127  96  93  86  83  81  79  78  76  75
 211 212 213 214 213 211 186 172 162 161  85  81  78  75  75  74
 210 210 211 213 213 212 212 211 208 187  90  77  74  72  71  70
 210 210 210 211 211 211 211 210 208 184  87  75  73  71  71  70
 201 205 206 206 207 207 207 207 209 209 209 208 206 209 206 204
 202 205 206 206 207 206 207 204 206 207 207 208 208 208 207 205
 204 205 206 207 208 206 162 140 145 160 205 208 208 208 206 204
 203 205 206 207 208 206 128  83  81 109 203 207 208 207 206 204
 200 203 204 206 205 204 124  82  82 108 204 207 207 207 206 205
 204 207 205 205 208 210 116  97  90 106 204 207 207 207 205 204
  83  88  92  94  88  83 182 207 204 210 207 206 205 205 204 203
  78  77  78  79  79  81 174 206 206 207 207 206 204 204 203 202
  79  79  79  78  80  83 176 206 205 204 203 202 201 202 201 199
 126 123 144 140 124 118 166 176 171 173 165 172 172 177 171 175
 204 206 206 207 205 203 113  74  69  70  71  70  68  66  65  62
 202 203 204 204 203 202 115  77  72  71  69  66  65  64  62  62
 203 205 206 207 206 203 118  82  77  71  69  65  63  62  60  59
 203 205 206 207 206 204 177 158 146 146  71  65  63  61  60  59
 202 202 203 206 206 205 205 204 199 183  73  67  64  62  61  59
 201 201 201 204 204 204 204 203 200 181  70  65  63  61  61  59
 207 211 212 212 216 213 213 212 209 213 216 216 215 216 217 217
 210 213 214 215 213 214 217 216 218 219 220 221 221 221 220 218
 213 214 215 216 214 215 174 155 160 173 218 221 221 221 219 217
 212 214 215 216 214 214 138  97  95 121 215 220 221 220 219 217
 213 216 215 212 214 213 132  90  89 114 213 220 220 220 219 218
 217 220 219 221 227 222 122  92  84 109 214 220 220 220 218 217
  93  98 103 108 105  96 190 210 208 218 218 219 218 218 217 216
  84  84  86  87  87  91 185 215 215 216 218 219 217 217 216 215
  85  86  87  86  88  92 186 215 215 218 218 217 216 216 215 213
 122 116 133 125 114 117 175 193 193 197 187 192 192 193 189 196
 203 204 206 208 208 207 122  91  91  86  87  90  88  82  82  82
 209 211 212 216 214 210 122  87  84  78  75  77  78  76  75  73
 211 212 212 216 215 211 123  84  79  73  72  73  74  73  71  70
 211 212 212 216 215 212 182 160 148 148  74  73  73  71  70  69
 211 214 214 215 215 214 213 213 212 195  85  73  73  69  69  67
 212 214 214 213 213 213 213 212 212 193  83  71  72  68  68  68

 210 211 211 211 211 211 207 206 207 189  76  77  75  74  70  70
 214 216 215 214 214 213 210 209 209 184  78  77  76  75  71  71
 216 217 217 214 211 211 213 213 212 190  78  79  78  75  72  71
 214 217 217 217 216 216 214 213 211 186  82  80  79  78  74  73
 215 217 217 216 216 216 215 215 213 186  84  81  81  81  77  75
 216 218 216 213 213 214 215 215 214 182  87  84  83  85  90  87
 215 218 172 121 119 116 218 214 215 194  89  87  86 161 187 184
 214 217 157  94  98 100 211 213 213 193  91  91  93 162 208 208
 214 214 152  96  98 108 216 216 216 194  92  93  96 172 211 210
 214 216 172 136 133 124 193 189 190 178 125 125 127 186 212 211
 214 213 213 213 211 218  96  97  99 128 215 212 210 211 212 211
 214 214 215 215 213 219 103  95  96 132 218 216 213 213 213 211
 213 213 214 214 213 215 107  95  94 142 215 215 214 214 213 211
 213 213 213 213 213 215 105  94  95 145 211 212 213 213 211 210
 212 212 212 212 212 216  99  90  92 126 210 210 212 212 210 210
 208 209 211 210 208 212  92  88  89 130 208 209 210 211 210 210
 204 205 204 204 205 204 203 202 199 175  62  62  59  59  59  59
 206 207 206 206 206 205 204 203 201 171  65  62  60  60  61  61
 209 208 208 207 207 207 205 204 202 177  66  64  62  61  62  61
 206 208 208 208 207 207 205 204 201 172  68  65  63  63  64  63
 208 208 208 207 207 207 206 206 202 172  70  66  65  65  67  65
 209 207 205 203 204 204 207 207 203 165  71  69  69  71  73  70
 209 207 160 109 108 106 210 207 204 173  70  71  71 146 183 181
 209 206 145  81  82  90 204 206 205 171  69  72  77 146 199 200
 207 204 140  83  82  97 207 206 206 176  74  77  82 158 204 203
 207 207 162 128 124 116 182 174 176 166 113 115 118 177 205 204
 207 206 206 206 204 210  83  81  83 118 203 202 203 204 205 204
 207 207 208 208 205 208  88  79  80 124 205 203 206 206 206 204
 206 206 207 207 206 205  94  79  78 140 207 204 207 207 206 204
 206 206 206 206 204 205  92  78  79 144 206 204 206 206 203 201
 205 205 205 205 203 207  88  77  79 123 206 203 205 205 202 201
 201 202 204 203 200 204  83  78  79 126 204 202 203 203 202 201
 217 218 217 217 218 217 216 215 213 196  82  73  70  69  67  68
 217 220 219 219 219 218 217 216 215 189  82  75  71  70  69  68
 216 221 221 220 220 220 218 217 216 193  82  76  73  71  69  68
 215 221 221 221 220 220 218 217 216 192  88  78  74  73  73  72
 216 221 221 220 220 220 219 219 217 192  90  77  73  73  73  71
 216 220 218 215 213 214 218 218 218 187  87  75  72  74  85  83
 213 219 173 121 114 109 218 216 218 197  86  78  73 148 195 193
 209 218 160  95  89  84 208 215 215 193  91  84  79 148 212 212
 212 216 155  97  90  92 210 215 215 193  91  87  84 160 213 212
 213 217 174 138 132 122 190 185 186 175 122 122 123 182 213 213
 213 214 215 214 213 222  96  91  92 117 207 210 211 212 214 213
 216 213 214 214 214 227 105  87  88 114 208 214 215 215 215 213
 212 215 216 216 212 221 108  87  86 125 208 216 216 216 215 213
 212 214 215 215 215 219 103  86  87 133 206 212 212 212 214 214
 211 213 214 214 216 220  98  84  86 116 204 211 212 212 214 214
 207 210 213 212 213 217  93  84  85 122 203 209 211 211 211 212

  70  71  71  73  75  87 184 208 210 211 211 211 211 210 210 210
  70  71  72  74  77  90 187 208 211 212 212 213 213 211 210 210
  74  75  75  78  81  85 161 162 172 186 211 213 214 213 212 211
  75  76  78  79  81  83  86  93  96 127 210 213 214 213 212 210
  77  77  79  80  81  84  87  91  93 125 212 216 215 212 210 209
  76  78  78  82  84  87  89  91  92 125 215 218 215 211 210 208
 189 184 190 186 186 182 194 193 194 178 128 132 142 145 126 130
 207 209 212 211 213 214 215 213 216 190  99  96  94  95  92  89
 206 209 213 213 215 215 214 213 216 189  97  95  95  94  90  88
 207 210 213 214 215 215 218 211 216 193  96 103 107 105  99  92
 211 213 211 216 216 214 116 100 108 124 218 219 215 215 216 212
 211 214 211 216 216 213 119  98  98 133 211 213 213 213 212 208
 211 214 214 217 216 213 121  94  96 136 213 215 214 213 212 210
 211 215 217 217 217 216 172 157 152 172 213 215 214 213 212 211
 211 216 217 217 217 218 218 217 214 216 213 214 213 213 212 209
 210 214 216 214 215 216 215 214 214 214 214 214 213 213 212 208
  59  61  61  63  65  70 181 200 203 204 204 204 204 201 201 201
  59  61  62  64  67  73 183 199 204 205 205 206 206 203 202 202
  59  60  61  63  65  71 146 146 158 177 204 206 207 206 205 203
  59  60  62  63  65  69  71  77  82 118 203 206 207 206 205 203
  62  62  64  65  66  69  71  72  77 115 202 203 204 204 203 202
  62  65  66  68  70  71  70  69  74 113 203 205 207 206 206 204
 175 171 177 172 172 165 173 171 176 166 118 124 140 144 123 126
 199 201 202 201 202 203 204 205 206 176  83  80  78  79  79  79
 202 203 204 204 206 207 207 206 206 174  81  79  79  78  77  78
 203 204 205 205 206 207 210 204 207 182  83  88  94  92  88  83
 204 205 207 207 207 204 106  90  97 116 210 208 205 205 207 204
 205 206 207 207 207 204 108  82  82 124 204 205 206 204 203 200
 204 206 207 208 207 203 109  81  83 128 206 208 207 206 205 203
 204 206 208 208 208 205 160 145 140 162 206 208 207 206 205 204
 205 207 208 208 208 207 207 206 204 207 206 207 206 206 205 202
 204 206 209 206 208 209 209 209 207 207 207 207 206 206 205 201
  68  68  68  72  71  83 193 212 212 213 213 213 213 214 214 212
  67  69  69  73  73  85 195 212 213 213 214 215 215 214 214 211
  69  70  71  73  73  74 148 148 160 182 212 215 216 212 212 211
  70  71  73  74  73  72  73  79  84 123 211 215 216 212 212 211
  73  75  76  78  77  75  78  84  87 122 210 214 216 212 211 209
  82  82  82  88  90  87  86  91  91 122 207 208 208 206 204 203
 196 189 193 192 192 187 197 193 193 175 117 114 125 133 116 122
 213 215 216 216 217 218 218 215 215 186  92  88  86  87  86  85
 215 216 217 217 219 218 216 215 215 185  91  87  87  86  84  84
 216 217 218 218 219 218 218 208 210 190  96 105 108 103  98  93
 217 218 220 220 220 214 109  84  92 122 222 227 221 219 220 217
 218 219 220 220 220 213 114  89  90 132 213 214 212 215 216 213
 217 219 220 221 220 215 121  95  97 138 214 214 216 215 214 212
 217 219 221 221 221 218 173 160 155 174 215 214 216 215 214 213
 218 220 221 221 221 220 219 218 216 217 214 213 215 214 213 210
 217 217 216 215 216 216 213 209 212 213 213 216 212 212 211 207

