 189 189 190 194 191 191 102  72  71 102 194 199 201 203 202 202
 192 193 196 198 198 198  99  74  76 100 195 200 202 204 204 204
 195 197 199 200 200 200  96  73  73  99 197 201 203 205 205 205
 196 198 200 201 201 199 102  76  74 107 201 201 203 205 205 205
 196 199 200 201 202 201 114  77  80 106 196 200 202 205 205 206
 198 199 200 197 197 198 120  86  89 113 191 194 196 200 206 206
 198 199 145  93  89  90 179 203 199 171  87  89  92 157 204 205
 197 199 155  80  79  85 191 206 208 178  81  80  88 165 202 202
 195 196 151  75  78  81 190 206 209 177  83  82  84 158 199 200
 157 157 119  69  70  78 182 206 208 191 136 132 133 144 150 153
  70  68  70  66  69  74 184 205 207 208 206 204 202 139  81  77
  65  64  63  70  71  74 186 204 207 208 206 205 203 133  78  73
  67  68  66  70  72  74 191 203 205 206 204 203 201 131  76  73
 152 153 154 157 162 164 197 202 203 185 113 115 112 143 170 174
 186 188 189 194 196 196 198 201 201 176  73  72  74 138 201 200
 189 191 193 194 194 196 197 199 198 171  71  70  69 135 200 199
 189 191 193 193 192 194 104  71  71  97 190 195 196 197 196 196
 190 191 194 194 195 194  99  72  73  94 190 196 198 199 198 198
 191 193 195 196 196 196  96  73  73  94 191 197 199 201 199 199
 192 194 196 197 197 195  99  74  74 100 194 197 199 201 199 199
 192 195 196 197 198 197 113  75  75  99 192 196 198 200 200 201
 194 195 196 193 194 194 117  83  82 107 190 190 190 195 202 202
 195 196 143  91  85  84 173 197 198 169  84  84  84 147 198 200
 193 195 156  76  72  74 184 201 204 178  80  75  77 150 198 198
 191 193 152  71  71  70 183 202 204 176  82  78  78 148 195 196
 153 154 120  70  69  68 176 202 202 188 135 130 127 137 148 150
  68  67  67  65  69  70 179 201 203 204 201 200 198 139  76  72
  62  61  63  66  67  75 179 199 202 202 201 200 198 132  73  69
  65  66  64  66  68  72 185 198 199 200 198 197 197 129  73  70
 151 152 152 152 157 159 192 198 197 186 117 112 107 135 166 171
 186 190 190 191 191 190 194 196 195 175  73  69  70 128 195 197
 185 187 188 190 190 190 193 194 193 169  71  66  67 129 194 197
 202 205 208 209 209 211 103  71  71 116 207 210 214 216 216 217
 204 206 209 209 210 209  99  72  73 114 208 211 213 215 218 218
 206 207 208 211 210 210  96  73  73 111 210 212 214 217 219 219
 206 208 209 212 212 210 100  74  74 115 208 212 214 217 219 219
 205 208 210 212 213 210 117  75  75 114 211 211 213 216 218 219
 206 208 207 205 206 208 121  86  89 119 204 204 208 213 217 217
 207 208 148  94  90  92 189 215 212 178  90  88  95 163 217 216
 206 207 156  73  73  82 201 219 219 180  81  79  82 172 213 213
 204 203 151  70  71  80 200 218 221 180  82  78  79 166 209 209
 161 162 119  68  68  80 193 218 222 198 140 130 133 148 157 156
  69  68  67  65  68  80 196 216 218 219 217 213 212 139  76  74
  66  65  64  67  69  75 202 216 219 221 220 218 216 136  73  71
  65  67  70  72  75  78 207 215 219 220 218 217 212 136  78  76
 158 160 162 167 174 176 209 214 217 197 125 124 120 154 181 186
 200 204 205 206 208 210 210 212 215 180  73  72  74 150 215 215
 201 201 205 206 206 210 209 210 210 177  71  66  69 147 214 215

 202 204 205 205 206 206 205 202 200 153  77  73  73 174 200 199
 202 204 205 205 205 206 204 202 199 150  81  78  76 170 201 200
 203 204 205 205 205 200 157 165 158 144 139 133 131 143 138 135
 201 202 203 203 202 196  92  88  84 133 202 203 201 112  74  69
 199 200 201 201 200 194  89  80  82 132 204 205 203 115  72  70
 194 195 197 201 196 191  87  81  83 136 206 206 204 113  73  71
 102 100  99 107 106 113 171 178 177 191 208 208 206 185 176 171
  71  76  73  74  80  89 199 208 209 208 207 207 205 203 201 198
  72  74  73  76  77  86 203 206 206 206 205 204 203 202 201 199
 102  99  96 102 114 120 179 191 190 182 184 186 191 197 198 197
 191 198 200 199 201 198  90  85  81  78  74  74  74 164 196 196
 191 198 200 201 202 197  89  79  78  70  69  71  72 162 196 194
 194 198 200 201 201 197  93  80  75  69  66  70  70 157 194 194
 190 196 199 200 200 200 145 155 151 119  70  63  66 154 189 193
 189 193 197 198 199 199 199 199 196 157  68  64  68 153 188 191
 189 192 195 196 196 198 198 197 195 157  70  65  67 152 186 189
 196 198 199 199 201 202 200 198 196 150  72  69  70 171 197 197
 196 198 199 199 200 202 198 198 195 148  76  73  73 166 195 194
 197 199 201 201 200 195 147 150 148 137 139 132 129 135 128 129
 196 198 199 199 198 190  84  77  78 127 198 198 197 107  70  67
 195 196 197 197 196 190  84  75  78 130 200 200 197 112  69  66
 190 190 191 194 192 190  84  80  82 135 201 201 198 117  73  71
  97  94  94 100  99 107 169 178 176 188 204 202 200 186 175 169
  71  73  73  74  75  82 198 204 204 202 203 202 199 197 195 193
  71  72  73  74  75  83 197 201 202 202 201 199 198 198 196 194
 104  99  96  99 113 117 173 184 183 176 179 179 185 192 194 193
 194 194 196 195 197 194  84  74  70  68  70  75  72 159 190 190
 192 195 196 197 198 194  85  72  71  69  69  67  68 157 191 190
 193 194 196 197 197 193  91  76  71  70  65  66  66 152 191 190
 193 194 195 196 196 196 143 156 152 120  67  63  64 152 190 188
 191 191 193 194 195 195 196 195 193 154  67  61  66 152 190 187
 189 190 191 192 192 194 195 193 191 153  68  62  65 151 186 185
 217 218 219 219 219 217 216 213 209 156  74  71  76 186 215 215
 216 218 219 219 218 217 217 213 209 157  76  73  78 181 215 214
 216 215 217 217 216 213 163 172 166 148 139 136 136 154 150 147
 214 213 214 214 213 208  95  82  79 133 212 216 212 120  74  69
 210 211 212 212 211 204  88  79  78 130 213 218 217 124  72  66
 207 208 210 208 211 204  90  81  82 140 217 220 218 125  73  71
 116 114 111 115 114 119 178 180 180 198 219 221 220 197 180 177
  71  73  73  74  75  89 212 219 221 222 218 219 219 217 215 210
  71  72  73  74  75  86 215 219 218 218 216 216 215 214 212 210
 103  99  96 100 117 121 189 201 200 193 196 202 207 209 210 209
 211 209 210 210 210 208  92  82  80  80  80  75  78 176 210 210
 209 210 210 212 213 206  90  73  71  68  68  69  75 174 208 206
 209 209 211 212 212 205  94  73  70  68  65  67  72 167 206 206
 208 209 208 209 210 207 148 156 151 119  67  64  70 162 205 205
 205 206 207 208 208 208 208 207 203 162  68  65  67 160 204 201
 202 204 206 206 205 206 207 206 204 161  69  66  65 158 200 201

 199 200 135  69  70  71 171 198 199 197 196 194 194 193 191 189
 200 201 138  74  72  73 176 201 201 198 196 196 194 189 188 186
 174 170 143 112 115 113 185 203 202 197 164 162 157 154 153 152
  73  76 131 201 203 204 206 205 203 191  74  72  70  66  68  67
  73  78 133 203 205 206 208 207 204 186  74  71  70  63  64  65
  77  81 139 202 204 206 208 207 205 184  74  69  66  70  68  70
 153 150 144 133 132 136 191 208 206 182  78  70  69 119 157 157
 200 199 158  84  82  83 177 209 206 190  81  78  75 151 196 195
 202 202 165  88  80  81 178 208 206 191  85  79  80 155 199 197
 205 204 157  92  89  87 171 199 203 179  90  89  93 145 199 198
 206 206 200 196 194 191 113  89  86 120 198 197 197 200 199 198
 206 205 205 202 200 196 106  80  77 114 201 202 201 200 199 196
 205 205 205 203 201 201 107  74  76 102 199 201 201 200 198 196
 205 205 205 203 201 197  99  73  73  96 200 200 200 199 197 195
 204 204 204 202 200 195 100  76  74  99 198 198 198 196 193 192
 202 202 203 201 199 194 102  71  72 102 191 191 194 190 189 189
 197 194 129  67  66  71 169 193 194 193 190 190 190 188 187 185
 197 195 128  70  69  73 175 195 196 194 190 191 191 190 190 186
 171 166 135 107 112 117 186 197 198 192 159 157 152 152 152 151
  70  73 129 197 197 198 200 199 198 185  72  68  66  64  66  65
  69  73 132 198 200 201 202 202 199 179  75  67  66  63  61  62
  72  76 139 198 200 201 204 203 201 179  70  69  65  67  67  68
 150 148 137 127 130 135 188 202 202 176  68  69  70 120 154 153
 196 195 148  78  78  82 176 204 202 183  70  71  71 152 193 191
 198 198 150  77  75  80 178 204 201 184  74  72  76 156 195 193
 200 198 147  84  84  84 169 198 197 173  84  85  91 143 196 195
 202 202 195 190 190 190 107  82  83 117 194 194 193 196 195 194
 201 200 200 198 196 192  99  75  75 113 197 198 197 196 195 192
 199 199 201 199 197 194 100  74  74  99 195 197 197 196 194 192
 199 199 201 199 197 191  94  73  73  96 196 196 196 195 193 191
 198 198 199 198 196 190  94  73  72  99 194 195 194 194 191 190
 196 196 197 196 195 190  97  71  71 104 194 192 193 193 191 189
 215 214 147  69  66  71 177 210 210 209 210 206 206 205 201 201
 215 215 150  74  72  73 180 215 212 210 210 208 206 205 204 200
 186 181 154 120 124 125 197 217 214 209 176 174 167 162 160 158
  76  78 136 212 217 218 220 219 215 207  78  75  72  70  67  65
  71  73 136 216 218 220 221 219 216 202  75  69  67  64  65  66
  74  76 139 212 213 217 219 218 216 196  80  68  65  67  68  69
 156 157 148 133 130 140 198 222 218 193  80  68  68 119 162 161
 209 209 166  79  78  82 180 221 218 200  80  71  70 151 203 204
 213 213 172  82  79  81 180 219 219 201  82  73  73 156 207 206
 216 217 163  95  88  90 178 212 215 189  92  90  94 148 208 207
 217 217 213 208 204 204 119  89  86 121 208 206 205 207 208 206
 219 218 216 213 211 211 114  75  75 117 210 213 212 210 208 205
 219 219 217 214 212 208 115  74  74 100 210 212 212 209 208 206
 219 219 217 214 212 210 111  73  73  96 210 210 211 208 207 206
 218 218 215 213 211 208 114  73  72  99 209 210 209 209 206 204
 217 216 216 214 210 207 116  71  71 103 211 209 209 208 205 202

 189 186 152  67  65  70 157 195 197 198 198 196 196 195 192 189
 191 188 153  68  64  68 157 196 199 199 199 199 198 197 193 189
 193 189 154  66  63  70 119 151 155 145 200 200 200 199 196 190
 194 194 157  70  70  66  69  75  80  93 197 201 201 200 198 194
 194 196 162  72  71  69  70  78  79  89 197 202 201 200 198 191
 196 196 164  74  74  74  78  81  85  90 198 201 199 200 198 191
 197 198 197 191 186 184 182 190 191 179 120 114 102  96  99 102
 199 201 202 203 204 205 206 206 206 203  86  77  76  73  74  72
 198 201 203 205 207 207 208 209 208 199  89  80  74  73  76  71
 171 176 185 206 208 208 191 177 178 171 113 106 107  99 100 102
  71  73 113 204 206 206 136  83  81  87 191 196 201 197 195 194
  70  72 115 203 205 204 132  82  80  89 194 200 201 201 200 199
  69  74 112 201 203 202 133  84  88  92 196 202 203 203 202 201
 135 138 143 131 133 139 144 158 165 157 200 205 205 205 204 203
 200 201 170  76  78  81 150 199 202 204 206 205 205 205 204 202
 199 200 174  73  73  77 153 200 202 205 206 206 205 205 204 202
 185 186 151  65  62  68 153 191 193 195 194 192 192 191 190 189
 187 190 152  66  61  67 154 193 195 196 195 195 194 193 191 191
 188 190 152  64  63  67 120 152 156 143 196 196 196 195 194 193
 190 191 152  66  66  65  70  71  76  91 193 197 197 196 194 193
 190 191 157  68  67  69  69  71  72  85 194 198 197 196 195 192
 190 190 159  72  75  70  68  70  74  84 194 197 195 196 194 194
 193 194 192 185 179 179 176 183 184 173 117 113  99  96  99 104
 194 196 198 198 199 201 202 202 201 197  83  75  74  73  72  71
 193 195 197 199 202 203 202 204 204 198  82  75  74  73  73  71
 169 175 186 200 202 204 188 176 178 169 107  99 100  94  94  97
  71  73 117 198 201 201 135  82  80  84 190 192 194 191 190 190
  66  69 112 197 200 200 130  78  75  84 190 196 197 197 196 195
  67  70 107 197 198 198 127  78  77  84 190 198 199 199 198 196
 129 128 135 129 132 139 137 148 150 147 195 200 201 201 199 197
 194 195 166  73  73  76 148 195 198 198 202 200 199 199 198 196
 197 197 171  70  69  72 150 196 198 200 202 201 199 199 198 196
 201 200 158  65  66  69 161 204 206 207 206 205 206 206 204 202
 201 204 160  67  65  68 162 203 207 208 208 208 208 207 206 205
 205 205 162  70  64  67 119 151 156 148 207 210 209 208 209 208
 206 206 167  72  67  65  68  70  73  94 205 212 212 211 209 209
 206 208 174  75  69  68  68  71  73  90 206 213 212 210 210 209
 210 210 176  78  75  80  80  80  82  92 208 210 210 210 209 211
 209 210 209 207 202 196 193 200 201 189 121 117 100  96  99 103
 210 212 214 215 216 216 218 218 219 215  86  75  74  73  72  71
 210 215 217 219 219 218 222 221 219 212  89  75  74  73  73  71
 177 180 197 220 221 219 198 180 180 178 119 114 115 111 114 116
  71  73 125 218 220 217 140  82  81  90 204 211 208 210 208 207
  66  72 124 217 218 213 130  78  79  88 204 211 212 212 211 210
  69  74 120 212 216 212 133  79  82  95 208 213 214 214 213 214
 147 150 154 136 136 139 148 166 172 163 213 216 217 217 215 216
 214 215 181  78  73  76 157 209 213 217 217 218 219 219 218 216
 215 215 186  76  71  74 156 209 213 216 217 219 219 219 218 217

