 211 211 212 211 211 209 143  91  88  85 212 209 209 210 210 209
 214 214 215 214 213 210 146  89  89 102 213 211 212 212 211 211
 214 214 215 214 214 212 133  94  90 101 214 212 213 213 212 211
 214 214 215 215 214 211 135  95  92  98 215 213 214 214 212 211
 215 215 215 215 214 212 140  93 100 103 219 213 212 212 212 212
 215 214 211 209 211 210 147 106 105 103 213 210 210 210 212 212
 215 214 192 126 127 128 178 199 196 200 134 121 123 144 212 212
 212 215 185  94  96  97 181 219 214 220 114  95  96 120 215 212
 210 215 187  93  98  98 179 219 215 221 111  93  93 120 214 212
 192 193 180 120 119 118 179 215 215 219 106  90  93 120 196 192
 102 100 137 214 213 213 214 215 215 220  92  92  91  94  99  98
  90  90 129 215 214 215 216 216 215 219  94  95  94  94  94  94
  90  94 130 217 214 213 215 215 215 215  99  98  96  95  95  96
 159 162 169 159 158 159 201 216 214 213 155 163 164 165 162 163
 211 207 178  85  93  98 192 218 214 214 215 214 213 213 212 212
 209 206 178  79  85  88 190 213 213 213 213 214 214 214 213 212
 205 206 208 207 207 207 141  89  82  79 206 204 205 206 205 204
 208 209 211 210 210 208 144  87  83  96 207 206 208 208 208 209
 208 209 211 210 210 210 131  92  84  95 208 207 209 209 209 209
 208 209 211 211 211 209 133  93  86  92 209 209 210 210 209 209
 209 210 211 211 210 210 143  89  89  92 208 207 208 208 207 207
 209 210 208 206 207 205 147 100  96  93 204 205 206 206 207 207
 209 210 190 124 122 117 167 188 192 196 130 115 117 138 206 207
 206 209 180  89  89  86 170 208 211 218 112  87  86 110 207 207
 206 208 180  85  89  87 168 208 213 219 109  84  82 109 206 207
 183 184 171 111 111 112 173 210 213 217 104  81  82 109 190 190
  87  91 130 206 207 208 209 211 213 218  90  83  80  83  91  93
  81  83 123 209 209 211 212 213 213 217  92  84  82  82  82  82
  79  83 119 206 207 209 211 211 211 212  96  86  84  83  83  84
 148 153 160 149 150 152 195 210 210 209 151 151 152 153 150 151
 200 201 174  81  84  84 178 207 210 210 211 210 209 209 207 207
 200 201 177  77  78  78 180 205 209 209 209 210 210 210 209 208
 226 224 223 222 220 213 147  95 102 100 227 220 219 221 221 219
 229 227 226 225 222 214 150  93 103 116 227 221 221 221 219 218
 228 226 225 224 223 217 138  99 104 115 228 223 223 223 220 218
 228 226 224 224 223 218 142 102 106 112 229 225 225 225 221 218
 230 227 224 224 224 217 136 101 109 112 228 223 223 223 224 222
 229 226 219 217 220 215 147 115 114 112 222 221 222 222 225 222
 229 225 199 133 134 137 187 208 205 209 143 133 137 158 226 222
 227 224 189  98 101 107 191 228 221 228 122 104 106 130 227 222
 226 221 190  95 104 108 189 229 222 228 118 101 102 129 226 222
 202 199 184 124 128 132 193 226 219 223 110  98 102 129 204 199
 104 108 147 223 223 225 225 225 220 225  97  98  98 101 106 104
  94 102 144 230 226 224 225 225 222 226 101  97  95  95  96  97
  99 103 139 226 225 223 225 225 223 224 108  99  97  96  96  97
 168 171 178 168 167 169 211 226 224 222 164 164 165 166 163 164
 221 216 187  94 101 105 199 226 225 225 226 225 224 224 224 222
 225 218 181  84  97  99 201 224 223 223 223 224 224 224 224 222

 209 211 211 211 212 212 212 212 212 192  98  94  96 163 212 212
 210 211 212 212 212 212 212 215 214 196  99  94  95 162 212 213
 210 212 213 214 212 210 144 120 120 120  94  94  95 165 213 214
 209 212 213 214 212 210 123  96  93  93  91  94  96 164 213 214
 209 211 212 213 213 210 121  95  93  90  92  95  98 163 214 214
 212 213 214 215 219 213 134 114 111 106  92  94  99 155 215 213
  85 102 101  98 103 103 200 220 221 219 220 219 215 213 214 213
  88  89  90  92 100 105 196 214 215 215 215 215 215 214 214 213
  91  89  94  95  93 106 199 219 219 215 215 216 215 216 218 213
 143 146 133 135 140 147 178 181 179 179 214 216 215 201 192 190
 209 210 212 211 212 210 128  97  98 118 213 215 213 159  98  88
 211 213 214 214 214 211 127  96  98 119 213 214 214 158  93  85
 211 214 214 215 215 209 126  94  93 120 214 215 217 159  85  79
 212 215 215 215 215 211 192 185 187 180 137 129 130 169 178 178
 211 214 214 214 215 214 214 215 215 193 100  90  94 162 207 206
 211 214 214 214 215 215 215 212 210 192 102  90  90 159 211 209
 204 209 209 209 207 207 207 207 207 190  93  82  84 151 207 208
 205 208 209 209 207 207 206 207 206 190  91  82  83 150 207 209
 206 208 209 210 208 206 138 110 109 109  83  82  83 153 209 210
 205 208 209 210 208 206 117  86  82  82  80  82  84 152 209 210
 204 206 207 209 207 205 115  87  84  81  83  84  86 151 210 210
 206 207 208 209 208 204 130 112 109 104  90  92  96 151 211 209
  79  96  95  92  92  93 196 218 219 217 218 217 212 209 210 209
  82  83  84  86  89  96 192 211 213 213 213 213 211 210 210 209
  89  87  92  93  89 100 188 208 208 210 211 213 211 210 207 205
 141 144 131 133 143 147 167 170 168 173 209 212 211 195 178 180
 207 208 210 209 210 205 117  86  87 112 208 211 209 152  84  78
 207 210 210 211 210 207 122  89  89 111 207 209 207 150  84  78
 207 210 210 211 211 206 124  89  85 111 206 209 206 149  81  77
 208 211 211 211 211 208 190 180 180 171 130 123 119 160 174 177
 206 209 209 209 210 210 210 209 208 184  91  83  83 153 201 201
 205 208 208 208 209 209 209 206 206 183  87  81  79 148 200 200
 219 218 218 218 222 222 222 222 222 199 104  97  97 164 222 222
 221 219 220 221 224 225 226 227 226 204 106  96  96 163 224 224
 221 221 223 225 223 222 158 130 129 129 101  95  96 166 224 224
 219 221 223 225 223 222 137 106 102 102  98  95  97 165 224 224
 220 221 223 225 223 221 133 104 101  98  98  97  99 164 225 224
 227 227 228 229 228 222 143 122 118 110  97 101 108 164 226 223
 100 116 115 112 112 112 209 228 228 223 225 226 224 222 225 223
 102 103 104 106 109 114 205 221 222 219 220 222 223 224 225 223
  95  93  99 102 101 115 208 228 229 226 225 225 225 226 226 224
 147 150 138 142 136 147 187 191 189 193 225 225 225 211 199 201
 213 214 217 218 217 215 137 107 108 132 225 224 223 169 105  99
 220 222 223 223 224 220 134 101 104 128 223 226 225 167 101  97
 222 225 224 224 224 217 133  98  95 124 223 230 226 168  94  84
 223 226 225 224 224 219 199 189 190 184 147 144 139 178 187 181
 224 227 226 226 227 226 225 224 221 199 108 102 103 171 216 218
 226 229 228 228 230 229 229 227 226 202 104  94  99 168 221 225

 212 213 214 214 214 213 213 213 213 190  88  85  79 178 206 209
 212 212 213 213 214 215 214 214 218 192  98  93  85 178 207 211
 163 162 165 164 163 155 213 214 216 201 159 158 159 169 162 159
  96  95  95  96  98  99 215 215 215 215 213 214 217 130  94  90
  94  94  94  94  95  94 219 215 216 216 215 214 215 129  90  90
  98  99  94  91  92  92 220 215 215 214 213 213 214 137 100 102
 192 196 120  93  90 106 219 215 215 179 118 119 120 180 193 192
 212 214 120  93  93 111 221 215 219 179  98  98  93 187 215 210
 212 215 120  96  95 114 220 214 219 181  97  96  94 185 215 212
 212 212 144 123 121 134 200 196 199 178 128 127 126 192 214 215
 212 212 210 210 210 213 103 105 106 147 210 211 209 211 214 215
 212 212 212 212 213 219 103 100  93 140 212 214 215 215 215 215
 211 212 214 214 213 215  98  92  95 135 211 214 215 215 214 214
 211 212 213 213 212 214 101  90  94 133 212 214 214 215 214 214
 211 211 212 212 211 213 102  89  89 146 210 213 214 215 214 214
 209 210 210 209 209 212  85  88  91 143 209 211 211 212 211 211
 208 209 210 210 210 209 209 209 205 180  78  78  77 177 201 200
 207 207 209 209 210 211 210 210 207 178  84  84  81 174 201 200
 151 150 153 152 151 151 209 210 210 195 152 150 149 160 153 148
  84  83  83  84  86  96 212 211 211 211 209 207 206 119  83  79
  82  82  82  82  84  92 217 213 213 212 211 209 209 123  83  81
  93  91  83  80  83  90 218 213 211 209 208 207 206 130  91  87
 190 190 109  82  81 104 217 213 210 173 112 111 111 171 184 183
 207 206 109  82  84 109 219 213 208 168  87  89  85 180 208 206
 207 207 110  86  87 112 218 211 208 170  86  89  89 180 209 206
 207 206 138 117 115 130 196 192 188 167 117 122 124 190 210 209
 207 207 206 206 205 204  93  96 100 147 205 207 206 208 210 209
 207 207 208 208 207 208  92  89  89 143 210 210 211 211 210 209
 209 209 210 210 209 209  92  86  93 133 209 211 211 211 209 208
 209 209 209 209 207 208  95  84  92 131 210 210 210 211 209 208
 209 208 208 208 206 207  96  83  87 144 208 210 210 211 209 208
 204 205 206 205 204 206  79  82  89 141 207 207 207 208 206 205
 222 224 224 224 224 223 223 223 224 201  99  97  84 181 218 225
 222 224 224 224 225 226 225 225 226 199 105 101  94 187 216 221
 164 163 166 165 164 164 222 224 226 211 169 167 168 178 171 168
  97  96  96  97  99 108 224 223 225 225 223 225 226 139 103  99
  97  96  95  95  97 101 226 222 225 225 224 226 230 144 102  94
 104 106 101  98  98  97 225 220 225 225 225 223 223 147 108 104
 199 204 129 102  98 110 223 219 226 193 132 128 124 184 199 202
 222 226 129 102 101 118 228 222 229 189 108 104  95 190 221 226
 222 227 130 106 104 122 228 221 228 191 107 101  98 189 224 227
 222 226 158 137 133 143 209 205 208 187 137 134 133 199 225 229
 222 225 222 222 221 222 112 114 115 147 215 220 217 219 226 229
 222 224 223 223 223 228 112 109 101 136 217 224 224 224 227 230
 218 221 225 225 225 229 112 106 102 142 218 223 224 224 226 228
 218 220 223 223 223 228 115 104  99 138 217 223 224 225 226 228
 218 219 221 221 221 227 116 103  93 150 214 222 225 226 227 229
 219 221 221 219 220 227 100 102  95 147 213 220 222 223 224 226

 209 211 159  90  90 102 192 210 212 215 215 215 214 214 214 211
 206 207 162  94  90 100 193 215 215 214 214 215 214 214 214 211
 178 178 169 130 129 137 180 187 185 192 211 215 215 215 215 212
  79  85 159 217 215 214 120  93  94 126 209 215 215 214 214 211
  85  93 158 214 214 213 119  98  96 127 211 214 214 214 213 211
  88  98 159 213 215 213 118  98  97 128 210 212 211 212 210 209
 190 192 201 215 216 214 179 179 181 178 147 140 135 133 146 143
 213 218 216 215 216 215 215 219 219 199 106  93  95  94  89  91
 213 214 214 215 215 215 215 215 214 196 105 100  92  90  89  88
 213 214 213 215 219 220 219 221 220 200 103 103  98 101 102  85
 213 215 155  99  94  92 106 111 114 134 213 219 215 214 213 212
 214 214 163  98  95  92  90  93  95 121 210 213 213 212 211 209
 214 213 164  96  94  91  93  93  96 123 210 212 214 213 212 209
 214 213 165  95  94  94 120 120 120 144 210 212 214 213 212 210
 213 212 162  95  94  99 196 214 215 212 212 212 212 212 211 210
 212 212 163  96  94  98 192 212 212 212 212 212 211 211 211 209
 200 200 148  79  81  87 183 206 206 209 209 209 208 208 208 205
 201 201 153  83  83  91 184 208 209 210 210 210 209 209 209 206
 177 174 160 119 123 130 171 180 180 190 208 211 211 211 211 208
  77  81 149 206 209 206 111  85  89 124 206 211 211 210 210 207
  78  84 150 207 209 207 111  89  89 122 207 210 211 210 210 207
  78  84 152 209 211 208 112  87  86 117 205 210 209 210 208 207
 180 178 195 211 212 209 173 168 170 167 147 143 133 131 144 141
 205 207 210 211 213 211 210 208 208 188 100  89  93  92  87  89
 209 210 210 211 213 213 213 213 211 192  96  89  86  84  83  82
 209 210 209 212 217 218 217 219 218 196  93  92  92  95  96  79
 209 211 151  96  92  90 104 109 112 130 204 208 209 208 207 206
 210 210 151  86  84  83  81  84  87 115 205 207 209 207 206 204
 210 209 152  84  82  80  82  82  86 117 206 208 210 209 208 205
 210 209 153  83  82  83 109 109 110 138 206 208 210 209 208 206
 209 207 150  83  82  91 190 206 207 206 207 207 209 209 208 205
 208 207 151  84  82  93 190 207 207 207 207 207 209 209 209 204
 225 221 168  99  94 104 202 226 227 229 229 230 228 228 229 226
 218 216 171 103 102 108 199 221 224 225 226 227 226 226 227 224
 181 187 178 139 144 147 184 190 189 199 219 224 224 225 226 223
  84  94 168 226 230 223 124  95  98 133 217 224 224 224 225 222
  97 101 167 225 226 223 128 104 101 134 220 224 223 223 222 220
  99 105 169 223 224 225 132 108 107 137 215 217 218 217 214 213
 201 199 211 225 225 225 193 189 191 187 147 136 142 138 150 147
 224 226 226 225 225 225 226 229 228 208 115 101 102  99  93  95
 223 225 224 223 222 220 219 222 221 205 114 109 106 104 103 102
 223 225 222 224 226 225 223 228 228 209 112 112 112 115 116 100
 223 226 164 108 101  97 110 118 122 143 222 228 229 228 227 227
 224 225 164  99  97  98  98 101 104 133 221 223 225 223 221 220
 224 224 165  97  95  98 102 102 106 137 222 223 225 223 221 219
 224 224 166  96  95 101 129 129 130 158 222 223 225 223 221 221
 224 224 163  96  96 106 204 226 227 226 225 224 221 220 219 221
 222 222 164  97  97 104 199 222 222 222 222 222 218 218 218 219

