  67  72  73  72  70  70  74  75  76  80 163 180 182 190 106  80
  68  69  73  71  73  75  77  77  82  84 164 177 178 188  90  80
  91  94 101 104 112 114 103  77  76  75 121 134 133 132 146 149
 179 180 181 182 182 183 133  79  78  75  76  82  81  77 192 188
 181 184 185 187 187 184 122  78  81  78  78  79  80  77 188 187
 181 184 184 184 188 189 137  84  82  81  78  78  80  90 186 187
 181 184 167 130 129 128 138 146 153 165  93  78  79 100 184 189
 182 187 174  80  84  87 150 195 197 205  97  81  81  87 190 192
 184 187 164  78  81  86 154 195 198 204  90  83  85  98 191 192
 181 184 152  81  83  93 161 196 198 201  94  96  96 107 187 188
 181 184 179 171 182 185 193 197 198 198 192 179 184 184 189 192
 182 185 187 187 193 196 197 199 202 199 197 192 189 189 192 193
 182 185 187 187 193 198 199 202 204 199 198 194 192 190 189 190
 182 185 186 187 190 194 197 201 202 199 198 195 192 191 191 192
 182 184 186 187 190 195 199 205 205 200 197 195 192 191 192 192
 181 183 185 185 188 191 194 199 201 197 195 194 193 191 189 190
  57  58  58  59  62  62  60  61  62  63 144 178 180 183  98  70
  59  60  61  62  61  62  62  61  61  63 155 175 177 182  83  71
  89  93 100 100 100 105  89  63  62  63 111 128 124 123 139 141
 175 177 179 180 180 181 125  67  63  62  63  64  65  63 180 179
 178 182 183 185 185 182 119  68  64  63  63  63  64  66 181 180
 179 182 182 182 181 182 128  69  65  66  63  63  65  78 178 178
 179 182 166 127 121 120 134 148 152 151  79  64  65  88 173 178
 178 181 164  72  66  69 135 185 186 191  83  66  66  73 176 178
 176 180 156  72  67  68 140 185 188 190  76  68  68  79 176 179
 179 182 147  77  73  79 149 186 188 191  86  82  82  99 177 179
 177 180 177 169 174 175 183 187 188 189 182 176 177 176 179 182
 180 183 185 185 185 186 186 188 189 189 187 184 182 181 182 183
 180 183 185 185 187 188 188 188 189 189 188 185 183 182 182 183
 179 181 183 183 184 187 189 191 190 189 188 186 184 182 182 183
 178 180 183 184 184 185 188 189 189 189 188 186 184 182 182 182
 177 179 181 182 182 184 186 189 191 189 188 186 183 181 180 181
  63  63  63  63  62  62  62  63  65  74 165 187 189 186  98  71
  65  65  64  65  65  67  65  63  68  74 164 184 185 185  84  74
  97 100 106 107 109 114  93  65  67  70 117 134 131 129 146 148
 188 188 188 189 189 190 129  68  66  66  66  72  73  73 193 189
 188 191 192 194 194 191 119  68  68  65  65  66  67  72 190 188
 188 191 191 191 190 191 123  70  72  68  65  65  67  85 190 191
 188 190 169 129 128 126 140 152 155 153  81  66  67  96 186 191
 188 188 165  72  74  77 144 194 193 193  85  68  68  80 188 190
 189 189 156  72  72  81 154 194 196 192  78  70  70  86 188 190
 188 190 150  79  79  91 161 195 197 192  86  88  89 107 190 191
 190 193 186 178 183 184 191 194 196 193 187 181 183 183 188 191
 189 192 194 194 194 195 195 194 196 195 193 191 190 190 191 192
 189 192 194 194 196 197 196 195 197 196 195 193 192 191 191 192
 190 193 195 195 195 196 197 197 197 198 197 195 193 191 191 192
 191 193 194 194 194 194 197 200 200 198 197 195 193 191 191 191
 190 192 193 193 193 193 195 198 200 198 197 195 192 190 189 190

  80  80 149 188 187 187 189 192 192 188 192 193 190 192 192 190
 106  90 146 192 188 186 184 190 191 187 189 192 189 191 192 189
 190 188 132  77  77  90 100  87  98 107 184 189 190 191 191 191
 182 178 133  81  80  80  79  81  85  96 184 189 192 192 192 193
 180 177 134  82  79  78  78  81  83  96 179 192 194 195 195 194
 163 164 121  76  78  78  93  97  90  94 192 197 198 198 197 195
  80  84  75  75  78  81 165 205 204 201 198 199 199 199 200 197
  76  82  76  78  81  82 153 197 198 198 198 202 204 202 205 201
  75  77  77  79  78  84 146 195 195 196 197 199 202 201 205 199
  74  77 103 133 122 137 138 150 154 161 193 197 199 197 199 194
  70  75 114 183 184 189 128  87  86  93 185 196 198 194 195 191
  70  73 112 182 187 188 129  84  81  83 182 193 193 190 190 188
  72  71 104 182 187 184 130  80  78  81 171 187 187 187 187 185
  73  73 101 181 185 184 167 174 164 152 179 187 187 186 186 185
  72  69  94 180 184 184 184 187 187 184 184 185 185 185 184 183
  67  68  91 179 181 181 181 182 184 181 181 182 182 182 182 181
  70  71 141 179 180 178 178 178 179 179 182 183 183 183 182 181
  98  83 139 180 181 178 173 176 176 177 179 182 182 182 182 180
 183 182 123  63  66  78  88  73  79  99 176 181 182 182 182 181
 180 177 124  65  64  65  65  66  68  82 177 182 183 184 184 183
 178 175 128  64  63  63  64  66  68  82 176 184 185 186 186 186
 144 155 111  63  63  63  79  83  76  86 182 187 188 188 188 188
  63  63  63  62  63  66 151 191 190 191 189 189 189 189 189 189
  62  61  62  63  64  65 152 186 188 188 188 189 189 190 189 191
  61  61  63  67  68  69 148 185 185 186 187 188 188 191 189 189
  60  62  89 125 119 128 134 135 140 149 183 186 188 189 188 186
  62  62 105 181 182 182 120  69  68  79 175 186 188 187 185 184
  62  61 100 180 185 181 121  66  67  73 174 185 187 184 184 182
  59  62 100 180 185 182 127  72  72  77 169 185 185 183 184 182
  58  61 100 179 183 182 166 164 156 147 177 185 185 183 183 181
  58  60  93 177 182 182 182 181 180 182 180 183 183 181 180 179
  57  59  89 175 178 179 179 178 176 179 177 180 180 179 178 177
  71  74 148 189 188 191 191 190 190 191 191 192 192 192 191 190
  98  84 146 193 190 190 186 188 188 190 188 191 191 191 191 189
 186 185 129  73  72  85  96  80  86 107 183 190 191 191 191 190
 189 185 131  73  67  67  67  68  70  89 183 190 192 193 193 192
 187 184 134  72  66  65  66  68  70  88 181 191 193 195 195 195
 165 164 117  66  65  65  81  85  78  86 187 193 195 197 197 197
  74  74  70  66  65  68 153 193 192 192 193 195 196 198 198 198
  65  68  67  66  68  72 155 193 196 197 196 196 197 197 200 200
  63  63  65  68  68  70 152 194 194 195 194 194 195 197 200 198
  62  65  93 129 119 123 140 144 154 161 191 195 196 197 197 195
  62  67 114 190 191 191 126  77  81  91 184 195 197 196 194 193
  62  65 109 189 194 190 128  74  72  79 183 194 196 195 194 193
  63  65 107 189 194 191 129  72  72  79 178 194 194 195 194 193
  63  64 106 188 192 191 169 165 156 150 186 194 194 195 194 193
  63  65 100 188 191 191 190 188 189 190 193 192 192 193 193 192
  63  65  97 188 188 188 188 188 189 188 190 189 189 190 191 190

 190 189 191 193 194 195 197 201 199 194 191 188 185 185 183 181
 192 192 191 192 195 197 200 205 205 199 195 190 187 186 184 182
 192 191 191 192 195 198 199 202 201 197 194 190 187 186 185 182
 190 189 190 192 194 198 199 204 202 199 198 193 187 187 185 182
 193 192 189 189 192 197 199 202 199 197 196 193 187 187 185 182
 192 189 184 184 179 192 198 198 197 193 185 182 171 179 184 181
 188 187 107  96  96  94 201 198 196 161  93  83  81 152 184 181
 192 191  98  85  83  90 204 198 195 154  86  81  78 164 187 184
 192 190  87  81  81  97 205 197 195 150  87  84  80 174 187 182
 189 184 100  79  78  93 165 153 146 138 128 129 130 167 184 181
 187 186  90  80  78  78  81  82  84 137 189 188 184 184 184 181
 187 188  77  80  79  78  78  81  78 122 184 187 187 185 184 181
 188 192  77  81  82  76  75  78  79 133 183 182 182 181 180 179
 149 146 132 133 134 121  75  76  77 103 114 112 104 101  94  91
  80  90 188 178 177 164  84  82  77  77  75  73  71  73  69  68
  80 106 190 182 180 163  80  76  75  74  70  70  72  73  72  67
 181 180 181 183 186 188 189 191 189 186 184 182 182 181 179 177
 182 182 182 184 186 188 189 189 189 188 185 184 184 183 180 178
 183 182 182 184 186 188 189 190 191 189 187 184 183 183 181 179
 183 182 182 183 185 188 189 189 188 188 188 187 185 185 183 180
 183 182 181 182 184 187 189 189 188 186 186 185 185 185 183 180
 182 179 176 177 176 182 189 188 187 183 175 174 169 177 180 177
 179 177  99  82  82  86 191 188 186 149  79  73  77 147 182 179
 179 176  79  68  68  76 190 188 185 140  68  67  72 156 180 176
 178 176  73  66  66  83 191 186 185 135  69  66  72 164 181 178
 178 173  88  65  64  79 151 152 148 134 120 121 127 166 182 179
 178 178  78  65  63  63  66  65  69 128 182 181 182 182 182 179
 180 181  66  64  63  63  63  64  68 119 182 185 185 183 182 178
 179 180  63  65  64  63  62  63  67 125 181 180 180 179 177 175
 141 139 123 124 128 111  63  62  63  89 105 100 100 100  93  89
  71  83 182 177 175 155  63  61  61  62  62  61  62  61  60  59
  70  98 183 180 178 144  63  62  61  60  62  62  59  58  58  57
 190 189 190 192 195 197 198 200 198 195 193 193 193 193 192 190
 191 191 191 193 195 197 198 200 200 197 194 194 194 194 193 191
 192 191 191 193 195 197 198 197 197 197 196 195 195 195 193 190
 192 191 191 192 193 195 196 197 195 196 197 196 194 194 192 189
 192 191 190 190 191 193 195 196 194 195 195 194 194 194 192 189
 191 188 183 183 181 187 193 196 194 191 184 183 178 186 193 190
 191 190 107  89  88  86 192 197 195 161  91  79  79 150 190 188
 190 188  86  70  70  78 192 196 194 154  81  72  72 156 189 189
 190 188  80  68  68  85 193 193 194 144  77  74  72 165 188 188
 191 186  96  67  66  81 153 155 152 140 126 128 129 169 190 188
 191 190  85  67  65  65  68  72  70 123 191 190 191 191 191 188
 188 190  72  67  66  65  65  68  68 119 191 194 194 192 191 188
 189 193  73  73  72  66  66  66  68 129 190 189 189 188 188 188
 148 146 129 131 134 117  70  67  65  93 114 109 107 106 100  97
  74  84 185 185 184 164  74  68  63  65  67  65  65  64  65  65
  71  98 186 189 187 165  74  65  63  62  62  62  63  63  63  63

 181 182 182 182 182 181 181 184 182 181 181 181 179  91  68  67
 183 184 185 185 185 184 184 187 187 184 184 184 180  94  69  72
 185 186 186 187 187 179 152 164 174 167 184 185 181 101  73  73
 185 187 187 187 187 171  81  78  80 130 184 187 182 104  71  72
 188 190 190 193 193 182  83  81  84 129 188 187 182 112  73  70
 191 195 194 198 196 185  93  86  87 128 189 184 183 114  75  70
 194 199 197 199 197 193 161 154 150 138 137 122 133 103  77  74
 199 205 201 202 199 197 196 195 195 146  84  78  79  77  77  75
 201 205 202 204 202 198 198 198 197 153  82  81  78  76  82  76
 197 200 199 199 199 198 201 204 205 165  81  78  75  75  84  80
 195 197 198 198 197 192  94  90  97  93  78  78  76 121 164 163
 194 195 195 194 192 179  96  83  81  78  78  79  82 134 177 180
 193 192 192 192 189 184  96  85  81  79  80  80  81 133 178 182
 191 191 191 190 189 184 107  98  87 100  90  77  77 132 188 190
 189 192 191 189 192 189 187 191 190 184 186 188 192 146  90 106
 190 192 192 190 193 192 188 192 192 189 187 187 188 149  80  80
 177 178 179 180 180 177 179 176 178 179 179 178 175  89  59  57
 179 180 181 183 183 180 182 180 181 182 182 182 177  93  60  58
 181 183 183 185 185 177 147 156 164 166 182 183 179 100  61  58
 182 184 183 185 185 169  77  72  72 127 182 185 180 100  62  59
 182 184 184 187 185 174  73  67  66 121 181 185 180 100  61  62
 184 185 187 188 186 175  79  68  69 120 182 182 181 105  62  62
 186 188 189 188 186 183 149 140 135 134 128 119 125  89  62  60
 189 189 191 188 188 187 186 185 185 148  69  68  67  63  61  61
 191 189 190 189 189 188 188 188 186 152  65  64  63  62  61  62
 189 189 189 189 189 189 191 190 191 151  66  63  62  63  63  63
 188 188 188 188 187 182  86  76  83  79  63  63  63 111 155 144
 186 186 186 185 184 176  82  68  66  64  63  63  64 128 175 178
 183 184 184 183 182 177  82  68  66  65  65  64  65 124 177 180
 181 182 182 182 181 176  99  79  73  88  78  66  63 123 182 183
 180 182 182 182 182 179 177 176 176 173 178 181 180 139  83  98
 181 182 183 183 183 182 179 179 178 178 178 180 179 141  71  70
 190 191 190 189 189 190 188 189 188 188 188 188 188  97  65  63
 192 193 193 192 192 193 190 189 188 190 191 191 188 100  65  63
 193 194 195 194 194 186 150 156 165 169 191 192 188 106  64  63
 193 194 195 194 194 178  79  72  72 129 191 194 189 107  65  63
 193 194 195 196 194 183  79  72  74 128 190 194 189 109  65  62
 193 194 196 197 195 184  91  81  77 126 191 191 190 114  67  62
 195 197 197 196 195 191 161 154 144 140 123 119 129  93  65  62
 198 200 197 195 194 194 195 194 194 152  70  68  68  65  63  63
 200 200 197 197 196 196 197 196 193 155  72  68  66  67  68  65
 198 198 198 196 195 193 192 192 193 153  68  65  66  70  74  74
 197 197 197 195 193 187  86  78  85  81  65  65  66 117 164 165
 195 195 195 193 191 181  88  70  68  66  65  66  72 134 184 187
 192 193 193 192 190 183  89  70  68  67  67  67  73 131 185 189
 190 191 191 191 190 183 107  86  80  96  85  72  73 129 185 186
 189 191 191 191 191 188 190 188 188 186 190 190 193 146  84  98
 190 191 192 192 192 191 191 190 190 191 191 188 189 148  74  71

