 132 133 134 135 136 134 134 134 135 135 135 135 138  81  51  55
 133 135 136 136 134 135 134 133 133 135 136 136 137  86  53  55
 133 136 136 136 136 135 109  97  97 109 136 136 135  83  51  53
 134 135 137 136 136 135  75  60  56  82 136 137 135  80  51  51
 133 135 136 136 135 133  70  55  62  74 138 136 136  80  51  58
 131 134 136 137 139 138  68  55  65  75 137 137 137  81  54  56
  71  77  79  77  76  80 103 112 119 126 136 137 137 123 118 107
  57  55  54  55  54  55 119 135 134 137 138 138 139 138 142 140
  59  52  55  56  55  55 120 136 138 139 138 138 137 139 143 142
  66  71  75  71  68  80 108 127 121 122 138 138 137 126 123 125
 130 134 136 138 135 131  73  57  60  82 140 138 138  91  59  55
 134 136 137 137 137 134  76  56  59  79 139 138 137  87  58  55
 134 137 138 138 137 138  76  60  54  78 134 136 137  86  60  57
 134 137 138 139 139 137 111  91  92  94 105  97  97  97  95  90
 135 136 137 137 137 138 136 136 136 116  58  52  55 110 136 139
 133 136 137 138 138 138 137 136 135 117  54  45  54 108 136 142
 128 131 132 133 134 131 131 132 131 131 132 131 131  76  45  41
 129 131 134 133 132 133 130 129 129 131 134 134 132  76  45  44
 129 133 134 134 134 132 102  90  91 102 134 134 131  76  45  44
 130 133 135 134 134 132  65  50  48  71 134 135 131  76  46  44
 130 133 134 134 133 132  66  49  48  72 134 134 133  76  46  44
 129 131 133 134 134 132  68  53  51  74 133 135 134  79  50  47
  65  72  73  70  67  73 104 111 116 126 133 135 135 122 114 111
  45  49  48  48  48  51 117 133 132 135 136 134 137 135 136 135
  47  48  49  50  49  50 118 133 135 135 136 135 136 135 136 135
  66  71  73  64  62  76 104 120 117 116 136 136 137 121 116 118
 133 132 134 135 132 130  69  50  50  75 136 136 137  83  49  48
 132 134 135 136 136 134  71  49  48  72 135 136 135  80  46  45
 132 135 136 136 135 135  71  48  48  71 132 134 135  79  46  45
 132 135 136 138 137 135 111  91  91  91  96  88  92  92  98  90
 133 134 136 137 136 136 135 135 135 113  48  47  52 108 133 136
 131 134 135 136 137 138 136 135 133 112  48  45  47 104 134 136
 140 140 139 141 142 139 142 141 144 143 144 146 143  81  45  43
 141 144 144 144 139 143 143 142 142 143 143 143 144  81  46  45
 141 144 142 144 141 139 109  97  97 109 142 142 144  82  46  44
 142 141 141 143 141 137  66  51  48  74 142 142 144  82  46  44
 140 140 140 140 141 139  66  49  50  74 143 143 144  79  46  46
 137 136 138 140 142 141  65  51  53  76 143 144 143  82  50  47
  71  72  75  76  73  75 104 111 116 128 144 145 141 125 114 110
  48  49  48  50  49  51 124 140 141 141 145 146 147 146 145 143
  48  48  49  50  49  52 124 140 144 143 144 146 145 146 146 144
  65  71  73  64  62  76 109 129 126 125 144 145 145 132 126 127
 137 139 140 138 136 133  70  53  53  78 143 143 143  84  50  48
 141 143 142 140 141 139  70  49  49  74 142 142 141  81  47  46
 140 141 142 142 141 140  71  50  48  73 138 140 140  80  48  46
 140 141 141 141 142 139 107  83  91  91 100  99  96  95  90  90
 141 140 139 137 140 141 138 140 137 114  51  46  44 105 140 139
 138 140 141 142 139 138 139 137 139 117  48  45  47 107 140 142

  55  55  53  51  58  56 107 140 142 125  55  55  57  90 139 142
  51  53  51  51  51  54 118 142 143 123  59  58  60  95 136 136
  81  86  83  80  80  81 123 138 139 126  91  87  86  97 110 108
 138 137 135 135 136 137 137 139 137 137 138 137 137  97  55  54
 135 136 136 137 136 137 137 138 138 138 138 138 136  97  52  45
 135 136 136 136 138 137 136 138 138 138 140 139 134 105  58  54
 135 135 109  82  74  75 126 137 139 122  82  79  78  94 116 117
 135 133  97  56  62  65 119 134 138 121  60  59  54  92 136 135
 134 133  97  60  55  55 112 135 136 127  57  56  60  91 136 136
 134 134 109  75  70  68 103 119 120 108  73  76  76 111 136 137
 134 135 135 135 133 138  80  55  55  80 131 134 138 137 138 138
 136 134 136 136 135 139  76  54  55  68 135 137 137 139 137 138
 135 136 136 136 136 137  77  55  56  71 138 137 138 139 137 138
 134 136 136 137 136 136  79  54  55  75 136 137 138 138 137 137
 133 135 136 135 135 134  77  55  52  71 134 136 137 137 136 136
 132 133 133 134 133 131  71  57  59  66 130 134 134 134 135 133
  41  44  44  44  44  47 111 135 135 118  48  45  45  90 136 136
  45  45  45  46  46  50 114 136 136 116  49  46  46  98 133 134
  76  76  76  76  76  79 122 135 135 121  83  80  79  92 108 104
 131 132 131 131 133 134 135 137 136 137 137 135 135  92  52  47
 131 134 134 135 134 135 135 134 135 136 136 136 134  88  47  45
 132 134 134 134 134 133 133 136 136 136 136 135 132  96  48  48
 131 131 102  71  72  74 126 135 135 116  75  72  71  91 113 112
 131 129  91  48  48  51 116 132 135 117  50  48  48  91 135 133
 132 129  90  50  49  53 111 133 133 120  50  49  48  91 135 135
 131 130 102  65  66  68 104 117 118 104  69  71  71 111 135 136
 131 133 132 132 132 132  73  51  50  76 130 134 135 135 136 138
 134 132 134 134 133 134  67  48  49  62 132 136 135 137 136 137
 133 133 134 134 134 134  70  48  50  64 135 136 136 138 137 136
 132 134 134 135 134 133  73  48  49  73 134 135 136 136 136 135
 131 131 133 133 133 131  72  49  48  71 132 134 135 135 134 134
 128 129 129 130 130 129  65  45  47  66 133 132 132 132 133 131
  43  45  44  44  46  47 110 143 144 127  48  46  46  90 139 142
  45  46  46  46  46  50 114 145 146 126  50  47  48  90 140 140
  81  81  82  82  79  82 125 146 146 132  84  81  80  95 105 107
 143 144 144 144 144 143 141 147 145 145 143 141 140  96  44  47
 146 143 142 142 143 144 145 146 146 145 143 142 140  99  46  45
 144 143 142 142 143 143 144 145 144 144 143 142 138 100  51  48
 143 143 109  74  74  76 128 141 143 125  78  74  73  91 114 117
 144 142  97  48  50  53 116 141 144 126  53  49  48  91 137 139
 141 142  97  51  49  51 111 140 140 129  53  49  50  83 140 137
 142 143 109  66  66  65 104 124 124 109  70  70  71 107 138 139
 139 143 139 137 139 141  75  51  52  76 133 139 140 139 141 138
 142 139 141 141 141 142  73  49  49  62 136 141 141 142 140 139
 141 144 144 143 140 140  76  50  50  64 138 140 142 141 137 142
 139 144 142 141 140 138  75  48  49  73 140 142 142 141 139 141
 140 144 144 141 140 136  72  49  48  71 139 143 141 141 140 140
 140 141 141 142 140 137  71  48  48  65 137 141 140 140 141 138

 142 136 108  54  45  54 117 135 136 137 138 138 138 137 136 133
 139 136 110  55  52  58 116 136 136 136 138 137 137 137 136 135
  90  95  97  97  97 105  94  92  91 111 137 139 139 138 137 134
  57  60  86 137 136 134  78  54  60  76 138 137 138 138 137 134
  55  58  87 137 138 139  79  59  56  76 134 137 137 137 136 134
  55  59  91 138 138 140  82  60  57  73 131 135 138 136 134 130
 125 123 126 137 138 138 122 121 127 108  80  68  71  75  71  66
 142 143 139 137 138 138 139 138 136 120  55  55  56  55  52  59
 140 142 138 139 138 138 137 134 135 119  55  54  55  54  55  57
 107 118 123 137 137 136 126 119 112 103  80  76  77  79  77  71
  56  54  81 137 137 137  75  65  55  68 138 139 137 136 134 131
  58  51  80 136 136 138  74  62  55  70 133 135 136 136 135 133
  51  51  80 135 137 136  82  56  60  75 135 136 136 137 135 134
  53  51  83 135 136 136 109  97  97 109 135 136 136 136 136 133
  55  53  86 137 136 136 135 133 133 134 135 134 136 136 135 133
  55  51  81 138 135 135 135 135 134 134 134 136 135 134 133 132
 136 134 104  47  45  48 112 133 135 136 138 137 136 135 134 131
 136 133 108  52  47  48 113 135 135 135 136 136 137 136 134 133
  90  98  92  92  88  96  91  91  91 111 135 137 138 136 135 132
  45  46  79 135 134 132  71  48  48  71 135 135 136 136 135 132
  45  46  80 135 136 135  72  48  49  71 134 136 136 135 134 132
  48  49  83 137 136 136  75  50  50  69 130 132 135 134 132 133
 118 116 121 137 136 136 116 117 120 104  76  62  64  73  71  66
 135 136 135 136 135 136 135 135 133 118  50  49  50  49  48  47
 135 136 135 137 134 136 135 132 133 117  51  48  48  48  49  45
 111 114 122 135 135 133 126 116 111 104  73  67  70  73  72  65
  47  50  79 134 135 133  74  51  53  68 132 134 134 133 131 129
  44  46  76 133 134 134  72  48  49  66 132 133 134 134 133 130
  44  46  76 131 135 134  71  48  50  65 132 134 134 135 133 130
  44  45  76 131 134 134 102  91  90 102 132 134 134 134 133 129
  44  45  76 132 134 134 131 129 129 130 133 132 133 134 131 129
  41  45  76 131 131 132 131 131 132 131 131 134 133 132 131 128
 142 140 107  47  45  48 117 139 137 139 138 139 142 141 140 138
 139 140 105  44  46  51 114 137 140 138 141 140 137 139 140 141
  90  90  95  96  99 100  91  91  83 107 139 142 141 141 141 140
  46  48  80 140 140 138  73  48  50  71 140 141 142 142 141 140
  46  47  81 141 142 142  74  49  49  70 139 141 140 142 143 141
  48  50  84 143 143 143  78  53  53  70 133 136 138 140 139 137
 127 126 132 145 145 144 125 126 129 109  76  62  64  73  71  65
 144 146 146 145 146 144 143 144 140 124  52  49  50  49  48  48
 143 145 146 147 146 145 141 141 140 124  51  49  50  48  49  48
 110 114 125 141 145 144 128 116 111 104  75  73  76  75  72  71
  47  50  82 143 144 143  76  53  51  65 141 142 140 138 136 137
  46  46  79 144 143 143  74  50  49  66 139 141 140 140 140 140
  44  46  82 144 142 142  74  48  51  66 137 141 143 141 141 142
  44  46  82 144 142 142 109  97  97 109 139 141 144 142 144 141
  45  46  81 144 143 143 143 142 142 143 143 139 144 144 144 141
  43  45  81 143 146 144 143 144 141 142 139 142 141 139 140 140

 133 135 134 134 134 130  66  59  57  71 131 133 134 133 133 132
 136 136 137 137 136 134  71  52  55  77 134 135 135 136 135 133
 137 137 138 138 137 136  75  55  54  79 136 136 137 136 136 134
 138 137 139 138 137 138  71  56  55  77 137 136 136 136 136 135
 138 137 139 137 137 135  68  55  54  76 139 135 136 136 134 136
 138 138 137 138 134 131  80  55  55  80 138 133 135 135 135 134
 137 136 111  76  76  73 108 120 119 103  68  70  75 109 134 134
 136 136  91  60  56  57 127 136 135 112  55  55  60  97 133 134
 135 136  92  54  59  60 121 138 134 119  65  62  56  97 133 135
 117 116  94  78  79  82 122 139 137 126  75  74  82 109 135 135
  54  58 105 134 139 140 138 138 138 136 137 138 136 136 136 135
  45  52  97 136 138 138 138 138 138 137 137 136 137 136 136 135
  54  55  97 137 137 138 137 137 139 137 137 136 135 135 137 138
 108 110  97  86  87  91 126 139 138 123  81  80  80  83  86  81
 136 136  95  60  58  59 123 143 142 118  54  51  51  51  53  51
 142 139  90  57  55  55 125 142 140 107  56  58  51  53  55  55
 131 133 132 132 132 133  66  47  45  65 129 130 130 129 129 128
 134 134 135 135 134 132  71  48  49  72 131 133 133 133 131 131
 135 136 136 136 135 134  73  49  48  73 133 134 135 134 134 132
 136 137 138 136 136 135  64  50  48  70 134 134 134 134 133 133
 137 136 137 135 136 132  62  49  48  67 134 133 134 134 132 134
 138 136 135 135 134 130  76  50  51  73 132 132 132 132 133 131
 136 135 111  71  71  69 104 118 117 104  68  66  65 102 130 131
 135 135  91  48  49  50 120 133 133 111  53  49  50  90 129 132
 133 135  91  48  48  50 117 135 132 116  51  48  48  91 129 131
 112 113  91  71  72  75 116 135 135 126  74  72  71 102 131 131
  48  48  96 132 135 136 136 136 136 133 133 134 134 134 134 132
  45  47  88 134 136 136 136 135 134 135 135 134 135 134 134 131
  47  52  92 135 135 137 137 136 137 135 134 133 131 131 132 131
 104 108  92  79  80  83 121 135 135 122  79  76  76  76  76  76
 134 133  98  46  46  49 116 136 136 114  50  46  46  45  45  45
 136 136  90  45  45  48 118 135 135 111  47  44  44  44  44  41
 138 141 140 140 141 137  65  48  48  71 137 140 142 141 141 140
 140 140 141 141 143 139  71  48  49  72 136 140 141 144 144 140
 141 139 141 142 142 140  73  49  48  75 138 140 141 142 144 139
 142 137 141 142 140 138  64  50  50  76 140 140 143 144 144 141
 139 140 142 141 141 136  62  49  49  73 142 141 141 141 139 142
 138 141 139 140 139 133  76  52  51  75 141 139 137 139 143 139
 139 138 107  71  70  70 109 124 124 104  65  66  66 109 143 142
 137 140  83  50  49  53 129 140 140 111  51  49  51  97 142 141
 139 137  91  48  49  53 126 144 141 116  53  50  48  97 142 144
 117 114  91  73  74  78 125 143 141 128  76  74  74 109 143 143
  48  51 100 138 142 143 144 144 145 144 143 143 142 142 143 144
  45  46  99 140 142 143 145 146 146 145 144 143 142 142 143 146
  47  44  96 140 141 143 145 145 147 141 143 144 144 144 144 143
 107 105  95  80  81  84 132 146 146 125  82  79  82  82  81  81
 140 140  90  48  47  50 126 146 145 114  50  46  46  46  46  45
 142 139  90  46  46  48 127 144 143 110  47  46  44  44  45  43

