 148 147 146 145 144 141  85  53  51  53 143 139 140 139 137 137
 148 149 149 148 146 142  85  53  53  55 147 141 140 139 139 138
 148 150 150 148 146 145  92  54  58  60 147 142 141 141 140 138
 150 151 150 148 147 146  97  60  59  58 147 142 141 143 141 139
 152 151 150 148 147 144  95  57  56  56 146 139 142 142 141 139
 152 152 148 148 145 143  89  59  67  62 148 140 137 139 141 139
 152 152 133  78  80  79 116 134 130 131  81  84  84 103 140 140
 153 152 127  59  61  63 110 146 145 148  60  62  66  97 141 141
 152 152 126  58  63  63 114 147 147 147  71  62  67  95 143 141
 152 152 127  58  62  64 115 148 148 148  92  86  85 108 143 142
 154 151 141  61  58  61 118 149 150 147 150 150 143 142 145 144
 153 152 139  62  59  60 118 150 151 148 148 148 147 146 145 143
 151 151 134  60  57  59 112 150 151 149 147 147 146 145 143 141
  98  97 105 119 115 118 136 150 151 149  98  90  84  85  91  89
  56  57  86 150 151 152 150 150 150 149  61  59  59  57  56  56
  58  57  80 150 151 150 150 150 149 144  56  56  57  55  56  55
 144 143 144 143 142 139  84  51  49  50 139 135 136 135 133 134
 146 147 147 146 144 141  85  52  50  51 143 137 136 136 136 135
 146 148 146 145 144 143  90  50  50  53 143 138 137 138 138 136
 148 148 146 145 145 142  89  51  51  51 143 138 137 139 139 137
 148 147 148 146 145 142  91  53  52  49 141 138 138 139 139 137
 148 148 146 146 143 141  87  55  54  50 140 139 139 139 138 136
 149 148 132  76  76  75 114 132 129 127  71  74  73  92 136 136
 151 149 126  58  52  55 107 143 143 144  52  54  54  85 137 137
 148 148 121  54  52  52 110 143 144 144  61  52  52  80 140 138
 150 150 123  55  51  52 111 144 144 144  80  74  72  95 140 139
 152 149 136  56  50  53 114 145 147 144 144 144 144 144 141 140
 150 149 132  56  51  52 114 146 149 146 144 144 144 143 141 139
 148 148 129  55  53  54 109 147 149 147 145 145 144 143 141 139
  94  94 103 117 113 116 134 148 149 147  99  90  82  83  80  78
  50  53  83 147 148 149 148 148 148 147  54  52  51  49  48  48
  50  51  76 146 147 146 148 148 146 141  48  49  47  45  46  45
 157 155 153 152 151 148  91  58  57  60 153 149 149 148 146 145
 155 156 156 155 153 148  85  54  56  59 156 151 149 148 147 145
 155 158 159 157 153 150  91  53  57  62 158 153 150 150 147 145
 158 159 158 156 154 150  93  57  59  61 157 152 151 152 148 146
 161 160 157 155 154 149  93  57  59  58 155 152 152 151 148 146
 161 161 155 155 152 150  96  64  64  61 154 151 149 149 149 147
 161 160 138  83  84  83 123 141 137 136  81  83  81 106 149 149
 161 159 126  58  59  62 119 155 152 152  55  57  62  99 150 150
 160 160 123  57  60  60 125 158 155 155  65  56  64  92 151 149
 159 159 126  58  59  61 125 158 157 157  89  83  84 107 151 150
 161 158 136  56  62  65 127 158 158 155 155 155 154 154 154 153
 161 160 132  56  63  64 127 159 158 155 157 157 155 154 154 152
 157 157 132  58  62  63 120 158 158 156 152 152 153 152 151 149
 103 103 110 124 121 123 143 157 156 155 106  99  96  97  99  97
  58  59  94 158 158 158 157 157 154 153  54  51  58  56  56  55
  52  51  85 159 160 159 157 157 155 151  53  53  54  52  53  52

 137 138 138 139 139 139 140 141 141 142 144 143 141  89  56  55
 137 139 140 141 141 141 140 141 143 143 145 145 143  91  56  56
 139 139 141 143 142 139 103  97  95 108 142 146 145  85  57  55
 140 140 141 141 142 137  84  66  67  85 143 147 146  84  59  57
 139 141 142 142 139 140  84  62  62  86 150 148 147  90  59  56
 143 147 147 147 146 148  81  60  71  92 150 148 147  98  61  56
  53  55  60  58  56  62 131 148 147 148 147 148 149 149 149 144
  51  53  58  59  56  67 130 145 147 148 150 151 151 151 150 149
  53  53  54  60  57  59 134 146 147 148 149 150 150 150 150 150
  85  85  92  97  95  89 116 110 114 115 118 118 112 136 150 150
 141 142 145 146 144 143  79  63  63  64  61  60  59 118 152 150
 144 146 146 147 147 145  80  61  63  62  58  59  57 115 151 151
 145 148 148 148 148 148  78  59  58  58  61  62  60 119 150 150
 146 149 150 150 150 148 133 127 126 127 141 139 134 105  86  80
 147 149 150 151 151 152 152 152 152 152 151 152 151  97  57  57
 148 148 148 150 152 152 152 153 152 152 154 153 151  98  56  58
 134 135 136 137 137 136 136 137 138 139 140 139 139  78  48  45
 133 136 138 139 139 138 136 137 140 140 141 141 141  80  48  46
 135 136 138 139 139 139  92  85  80  95 144 143 143  83  49  45
 136 136 137 137 138 139  73  54  52  72 144 144 144  82  51  47
 135 137 138 138 138 139  74  54  52  74 144 144 145  90  52  49
 139 143 143 143 141 140  71  52  61  80 144 144 145  99  54  48
  50  51  53  51  49  50 127 144 144 144 144 146 147 147 147 141
  49  50  50  51  52  54 129 143 144 144 147 149 149 149 148 146
  51  52  50  51  53  55 132 143 143 144 145 146 147 148 148 148
  84  85  90  89  91  87 114 107 110 111 114 114 109 134 148 148
 139 141 143 142 142 141  75  55  52  52  53  52  54 116 149 146
 142 144 144 145 145 143  76  52  52  51  50  51  53 113 148 147
 143 146 145 145 146 146  76  58  54  55  56  56  55 117 147 146
 144 147 146 146 148 146 132 126 121 123 136 132 129 103  83  76
 143 147 148 148 147 148 148 149 148 150 149 149 148  94  53  51
 144 146 146 148 148 148 149 151 148 150 152 150 148  94  50  50
 145 145 145 146 146 147 149 150 149 150 153 152 149  97  55  52
 146 147 147 148 148 149 149 150 151 151 154 154 151  99  56  53
 148 148 150 152 151 149 106  99  92 107 154 154 152  97  56  52
 149 149 150 151 152 149  81  62  64  84 154 155 153  96  58  54
 149 151 153 152 152 151  83  57  56  83 155 157 152  99  51  53
 153 156 158 157 155 154  81  55  65  89 155 157 152 106  54  53
  60  59  62  61  58  61 136 152 155 157 155 155 156 155 153 151
  57  56  57  59  59  64 137 152 155 157 158 158 158 156 154 155
  58  54  53  57  57  64 141 155 158 158 158 159 158 157 157 157
  91  85  91  93  93  96 123 119 125 125 127 127 120 143 157 157
 148 148 150 150 149 150  83  62  60  61  65  64  63 123 158 159
 151 153 153 154 154 152  84  59  60  59  62  63  62 121 158 160
 152 155 157 156 155 155  83  58  57  58  56  56  58 124 158 159
 153 156 159 158 157 155 138 126 123 126 136 132 132 110  94  85
 155 156 158 159 160 161 160 159 160 159 158 160 157 103  59  51
 157 155 155 158 161 161 161 161 160 159 161 161 157 103  58  52

  55  56  55  57  56  56 144 149 150 150 150 151 150  80  57  58
  56  56  57  59  59  61 149 150 150 150 152 151 150  86  57  56
  89  91  85  84  90  98 149 151 150 136 118 115 119 105  97  98
 141 143 145 146 147 147 149 151 150 112  59  57  60 134 151 151
 143 145 146 147 148 148 148 151 150 118  60  59  62 139 152 153
 144 145 142 143 150 150 147 150 149 118  61  58  61 141 151 154
 142 143 108  85  86  92 148 148 148 115  64  62  58 127 152 152
 141 143  95  67  62  71 147 147 147 114  63  63  58 126 152 152
 141 141  97  66  62  60 148 145 146 110  63  61  59 127 152 153
 140 140 103  84  84  81 131 130 134 116  79  80  78 133 152 152
 139 141 139 137 140 148  62  67  59  89 143 145 148 148 152 152
 139 141 142 142 139 146  56  56  57  95 144 147 148 150 151 152
 139 141 143 141 142 147  58  59  60  97 146 147 148 150 151 150
 138 140 141 141 142 147  60  58  54  92 145 146 148 150 150 148
 138 139 139 140 141 147  55  53  53  85 142 146 148 149 149 148
 137 137 139 140 139 143  53  51  53  85 141 144 145 146 147 148
  45  46  45  47  49  48 141 146 148 148 146 147 146  76  51  50
  48  48  49  51  52  54 147 148 148 148 149 148 147  83  53  50
  78  80  83  82  90  99 147 149 148 134 116 113 117 103  94  94
 139 141 143 144 145 145 147 149 147 109  54  53  55 129 148 148
 139 141 143 144 144 144 146 149 146 114  52  51  56 132 149 150
 140 141 144 144 144 144 144 147 145 114  53  50  56 136 149 152
 139 140  95  72  74  80 144 144 144 111  52  51  55 123 150 150
 138 140  80  52  52  61 144 144 143 110  52  52  54 121 148 148
 137 137  85  54  54  52 144 143 143 107  55  52  58 126 149 151
 136 136  92  73  74  71 127 129 132 114  75  76  76 132 148 149
 136 138 139 139 139 140  50  54  55  87 141 143 146 146 148 148
 137 139 139 138 138 141  49  52  53  91 142 145 146 148 147 148
 137 139 139 137 138 143  51  51  51  89 142 145 145 146 148 148
 136 138 138 137 138 143  53  50  50  90 143 144 145 146 148 146
 135 136 136 136 137 143  51  50  52  85 141 144 146 147 147 146
 134 133 135 136 135 139  50  49  51  84 139 142 143 144 143 144
  52  53  52  54  53  53 151 155 157 157 159 160 159  85  51  52
  55  56  56  58  51  54 153 154 157 157 158 158 158  94  59  58
  97  99  97  96  99 106 155 156 157 143 123 121 124 110 103 103
 149 151 152 153 152 152 156 158 158 120  63  62  58 132 157 157
 152 154 154 155 157 157 155 158 159 127  64  63  56 132 160 161
 153 154 154 154 155 155 155 158 158 127  65  62  56 136 158 161
 150 151 107  84  83  89 157 157 158 125  61  59  58 126 159 159
 149 151  92  64  56  65 155 155 158 125  60  60  57 123 160 160
 150 150  99  62  57  55 152 152 155 119  62  59  58 126 159 161
 149 149 106  81  83  81 136 137 141 123  83  84  83 138 160 161
 147 149 149 149 151 154  61  64  64  96 150 152 155 155 161 161
 146 148 151 152 152 155  58  59  57  93 149 154 155 157 160 161
 146 148 152 151 152 157  61  59  57  93 150 154 156 158 159 158
 145 147 150 150 153 158  62  57  53  91 150 153 157 159 158 155
 145 147 148 149 151 156  59  56  54  85 148 153 155 156 156 155
 145 146 148 149 149 153  60  57  58  91 148 151 152 153 155 157

  58  56  98 151 153 154 152 152 153 152 152 152 150 148 148 148
  57  57  97 151 152 151 152 152 152 152 152 151 151 150 149 147
  80  86 105 134 139 141 127 126 127 133 148 150 150 150 149 146
 150 150 119  60  62  61  58  58  59  78 148 148 148 148 148 145
 151 151 115  57  59  58  62  63  61  80 145 147 147 146 146 144
 150 152 118  59  60  61  64  63  63  79 143 144 146 145 142 141
 150 150 136 112 118 118 115 114 110 116  89  95  97  92  85  85
 150 150 150 150 150 149 148 147 146 134  59  57  60  54  53  53
 149 150 151 151 151 150 148 147 145 130  67  56  59  58  53  51
 144 149 149 149 148 147 148 147 148 131  62  56  58  60  55  53
  56  61  98 147 148 150  92  71  60  81 148 146 147 147 147 143
  56  59  90 147 148 150  86  62  62  84 140 139 142 142 141 139
  57  59  84 146 147 143  85  67  66  84 137 142 141 141 140 140
  55  57  85 145 146 142 108  95  97 103 139 142 143 141 139 139
  56  56  91 143 145 145 143 143 141 140 141 141 141 140 139 137
  55  56  89 141 143 144 142 141 141 140 139 139 139 138 138 137
  50  50  94 148 150 152 150 148 151 149 148 148 148 146 146 144
  51  53  94 148 149 149 150 148 149 148 148 147 148 148 147 143
  76  83 103 129 132 136 123 121 126 132 146 148 146 146 147 144
 146 147 117  55  56  56  55  54  58  76 146 146 145 145 146 143
 147 148 113  53  51  50  51  52  52  76 143 145 145 144 144 142
 146 149 116  54  52  53  52  52  55  75 141 142 142 143 141 139
 148 148 134 109 114 114 111 110 107 114  87  91  89  90  85  84
 148 148 148 147 146 145 144 143 143 132  55  53  51  50  52  51
 146 148 149 149 149 147 144 144 143 129  54  52  51  50  50  49
 141 147 147 147 146 144 144 144 144 127  50  49  51  53  51  50
  48  54  99 145 144 144  80  61  52  71 140 141 143 143 143 139
  49  52  90 145 144 144  74  52  54  74 139 138 138 138 137 135
  47  51  82 144 144 144  72  52  54  73 139 138 137 137 136 136
  45  49  83 143 143 144  95  80  85  92 139 139 139 138 136 135
  46  48  80 141 141 141 140 140 137 136 138 139 139 138 136 133
  45  48  78 139 139 140 139 138 137 136 136 137 137 136 135 134
  52  58 103 157 161 161 159 160 161 161 161 161 158 155 155 157
  51  59 103 157 160 158 159 160 159 160 161 160 159 158 156 155
  85  94 110 132 132 136 126 123 126 138 155 157 158 159 156 153
 159 158 124  58  56  56  58  57  58  83 155 155 156 157 155 152
 160 158 121  62  63  62  59  60  59  84 152 154 154 153 153 151
 159 158 123  63  64  65  61  60  62  83 150 149 150 150 148 148
 157 157 143 120 127 127 125 125 119 123  96  93  93  91  85  91
 157 157 157 158 159 158 158 158 155 141  64  57  57  53  54  58
 155 154 156 158 158 158 157 155 152 137  64  59  59  57  56  57
 151 153 155 156 155 155 157 155 152 136  61  58  61  62  59  60
  53  54 106 152 157 155  89  65  55  81 154 155 157 158 156 153
  53  51  99 152 157 155  83  56  57  83 151 152 152 153 151 149
  54  58  96 153 155 154  84  64  62  81 149 152 151 150 149 149
  52  56  97 152 154 154 107  92  99 106 149 151 152 150 148 148
  53  56  99 151 154 154 151 151 150 149 149 148 148 147 147 146
  52  55  97 149 152 153 150 149 150 149 147 146 146 145 145 145

