 160 161 161 161 161 159 101  66  69  71 161 160 161 162 161 160
 161 163 163 163 163 161  99  66  66  63 165 161 163 164 163 161
 162 163 163 163 163 159 102  65  67  72 162 162 163 164 164 163
 163 163 164 164 164 160 107  65  66  76 164 163 163 164 164 163
 164 163 164 164 164 163 102  66  66  64 164 163 163 164 165 164
 163 163 163 161 160 161  95  71  76  70 165 161 163 164 165 165
 163 163 151  94  92  95 119 141 141 145  97  92  92 123 165 165
 164 163 142  66  66  68 130 166 165 162  71  71  71 114 169 168
 164 164 140  68  67  68 138 169 166 169  67  72  73 107 172 168
 150 148 125  67  67  68 143 169 167 171  65  72  72 104 171 167
  70  71  72  67  67  69 130 172 169 167  77  71  71 116 170 164
  66  66  65  68  69  72 135 173 173 174  79  78  77 117 172 172
  69  70  69  72  75  73 144 174 176 181  76  78  76 107 170 169
 125 123 127 124 126 129 160 174 176 176 129 135 131 126 119 120
 170 169 169 170 170 171 172 173 173 172 171 170 169 139  67  66
 170 169 169 170 170 171 172 172 172 172 172 172 170 142  67  67
 156 157 157 157 157 157  99  60  59  61 157 156 157 158 157 158
 157 159 159 159 159 159  97  61  59  56 161 157 159 160 159 159
 158 159 159 159 159 157 100  61  59  63 157 158 159 160 160 160
 159 159 160 160 161 158 105  62  60  69 159 159 160 161 161 161
 160 159 161 162 162 161 100  62  60  58 160 159 160 161 162 161
 159 159 160 159 158 159  93  67  64  58 159 157 159 160 161 162
 161 161 149  92  90  93 117 139 139 143  95  90  90 119 161 162
 161 160 139  63  62  63 125 161 163 160  65  63  63 107 162 163
 160 160 136  62  62  60 129 162 164 167  61  62  63  98 163 163
 148 146 121  60  60  59 134 162 165 169  59  62  62  93 163 165
  64  66  65  60  60  60 121 164 169 167  72  61  61 100 164 166
  59  59  58  60  60  63 126 164 169 170  69  62  61 110 165 167
  59  60  59  60  63  63 135 165 171 176  67  65  65 100 165 164
 118 118 122 120 123 123 152 167 171 172 123 127 123 120 113 113
 165 165 165 168 168 169 170 171 171 170 169 168 167 142  67  62
 166 166 167 166 167 167 168 168 170 170 170 170 168 138  62  61
 169 170 171 172 171 166 108  69  68  70 172 170 171 171 170 167
 170 172 172 172 171 165 103  69  68  65 174 170 172 173 172 166
 171 172 172 172 172 163 106  66  68  78 171 171 172 173 173 168
 172 172 172 172 172 164 111  69  71  84 173 172 172 171 171 169
 173 172 172 171 171 167 106  71  73  71 173 172 172 171 173 171
 172 172 171 168 167 165  99  74  77  71 172 170 172 173 174 171
 171 171 157  99  97 101 126 148 148 152 102  96  97 132 174 173
 172 171 146  66  65  73 136 171 170 167  71  69  69 120 175 172
 173 173 143  64  63  71 142 174 170 173  67  68  69 111 176 171
 157 155 128  66  66  72 149 174 171 175  64  69  69 106 175 171
  71  72  72  66  66  73 136 177 169 167  77  70  70 111 173 172
  65  65  64  66  66  75 141 179 169 170  75  73  72 119 174 173
  66  67  67  68  71  75 149 179 171 176  71  73  72 109 175 173
 128 126 131 129 131 134 165 179 174 174 127 133 129 118 112 117
 178 178 177 177 177 178 179 180 180 179 177 174 173 136  65  68
 177 176 177 178 179 179 180 180 179 179 179 179 177 140  62  62

 160 161 163 163 164 165 165 168 168 167 164 172 169 120  66  67
 161 163 164 164 165 165 165 169 172 171 170 172 170 119  67  67
 162 164 164 164 164 164 123 114 107 104 116 117 107 126 139 142
 161 163 163 163 163 163  92  71  73  72  71  77  76 131 169 170
 160 161 162 163 163 161  92  71  72  72  71  78  78 135 170 172
 161 165 162 164 164 165  97  71  67  65  77  79  76 129 171 172
  71  63  72  76  64  70 145 162 169 171 167 174 181 176 172 172
  69  66  67  66  66  76 141 165 166 167 169 173 176 176 173 172
  66  66  65  65  66  71 141 166 169 169 172 173 174 174 173 172
 101  99 102 107 102  95 119 130 138 143 130 135 144 160 172 172
 159 161 159 160 163 161  95  68  68  68  69  72  73 129 171 171
 161 163 163 164 164 160  92  66  67  67  67  69  75 126 170 170
 161 163 163 164 164 161  94  66  68  67  67  68  72 124 170 170
 161 163 163 164 164 163 151 142 140 125  72  65  69 127 169 169
 161 163 163 163 163 163 163 163 164 148  71  66  70 123 169 169
 160 161 162 163 164 163 163 164 164 150  70  66  69 125 170 170
 158 159 160 161 161 162 162 163 163 165 166 167 164 113  62  61
 157 159 160 161 162 161 161 162 163 163 164 165 165 113  67  62
 158 160 160 161 161 160 119 107  98  93 100 110 100 120 142 138
 157 159 159 160 160 159  90  63  63  62  61  61  65 123 167 168
 156 157 158 159 159 157  90  63  62  62  61  62  65 127 168 170
 157 161 157 159 160 159  95  65  61  59  72  69  67 123 169 170
  61  56  63  69  58  58 143 160 167 169 167 170 176 172 170 170
  59  59  59  60  60  64 139 163 164 165 169 169 171 171 171 170
  60  61  61  62  62  67 139 161 162 162 164 164 165 167 171 168
  99  97 100 105 100  93 117 125 129 134 121 126 135 152 170 168
 157 159 157 158 161 159  93  63  60  59  60  63  63 123 169 167
 157 159 159 161 162 158  90  62  62  60  60  60  63 123 168 167
 157 159 159 160 162 159  92  63  62  60  60  60  60 120 168 166
 157 159 159 160 161 160 149 139 136 121  65  58  59 122 165 167
 157 159 159 159 159 159 161 160 160 146  66  59  60 118 165 166
 156 157 158 159 160 159 161 161 160 148  64  59  59 118 165 166
 167 166 168 169 171 171 173 172 171 171 172 173 173 117  68  62
 170 172 173 171 173 174 174 175 176 175 173 174 175 112  65  62
 171 173 173 171 171 173 132 120 111 106 111 119 109 118 136 140
 171 172 172 172 172 172  97  69  69  69  70  72  72 129 173 177
 170 170 171 172 172 170  96  69  68  69  70  73  73 133 174 179
 172 174 171 173 173 172 102  71  67  64  77  75  71 127 177 179
  70  65  78  84  71  71 152 167 173 175 167 170 176 174 179 179
  68  68  68  71  73  77 148 170 170 171 169 169 171 174 180 179
  69  69  66  69  71  74 148 171 174 174 177 179 179 179 180 180
 108 103 106 111 106  99 126 136 142 149 136 141 149 165 179 180
 166 165 163 164 167 165 101  73  71  72  73  75  75 134 178 179
 171 171 172 172 171 167  97  65  63  66  66  66  71 131 177 179
 172 172 172 172 171 168  99  66  64  66  66  66  68 129 177 178
 171 172 172 172 172 171 157 146 143 128  72  64  67 131 177 177
 170 172 172 172 172 172 171 171 173 155  72  65  67 126 178 176
 169 170 171 172 173 172 171 172 173 157  71  65  66 128 178 177

  67  67 142 170 172 172 172 172 172 172 171 170 170 169 169 170
  66  67 139 169 170 171 172 173 173 172 171 170 170 169 169 170
 120 119 126 131 135 129 176 176 174 160 129 126 124 127 123 125
 169 170 107  76  78  76 181 176 174 144  73  75  72  69  70  69
 172 172 117  77  78  79 174 173 173 135  72  69  68  65  66  66
 164 170 116  71  71  77 167 169 172 130  69  67  67  72  71  70
 167 171 104  72  72  65 171 167 169 143  68  67  67 125 148 150
 168 172 107  73  72  67 169 166 169 138  68  67  68 140 164 164
 168 169 114  71  71  71 162 165 166 130  68  66  66 142 163 164
 165 165 123  92  92  97 145 141 141 119  95  92  94 151 163 163
 165 165 164 163 161 165  70  76  71  95 161 160 161 163 163 163
 164 165 164 163 163 164  64  66  66 102 163 164 164 164 163 164
 163 164 164 163 163 164  76  66  65 107 160 164 164 164 163 163
 163 164 164 163 162 162  72  67  65 102 159 163 163 163 163 162
 161 163 164 163 161 165  63  66  66  99 161 163 163 163 163 161
 160 161 162 161 160 161  71  69  66 101 159 161 161 161 161 160
  61  62 138 168 170 170 170 170 168 168 167 167 166 167 166 166
  62  67 142 167 168 169 170 171 171 170 169 168 168 165 165 165
 113 113 120 123 127 123 172 171 167 152 123 123 120 122 118 118
 164 165 100  65  65  67 176 171 165 135  63  63  60  59  60  59
 167 165 110  61  62  69 170 169 164 126  63  60  60  58  59  59
 166 164 100  61  61  72 167 169 164 121  60  60  60  65  66  64
 165 163  93  62  62  59 169 165 162 134  59  60  60 121 146 148
 163 163  98  63  62  61 167 164 162 129  60  62  62 136 160 160
 163 162 107  63  63  65 160 163 161 125  63  62  63 139 160 161
 162 161 119  90  90  95 143 139 139 117  93  90  92 149 161 161
 162 161 160 159 157 159  58  64  67  93 159 158 159 160 159 159
 161 162 161 160 159 160  58  60  62 100 161 162 162 161 159 160
 161 161 161 160 159 159  69  60  62 105 158 161 160 160 159 159
 160 160 160 159 158 157  63  59  61 100 157 159 159 159 159 158
 159 159 160 159 157 161  56  59  61  97 159 159 159 159 159 157
 158 157 158 157 156 157  61  59  60  99 157 157 157 157 157 156
  62  62 140 177 179 179 179 179 180 180 179 179 178 177 176 177
  68  65 136 173 174 177 179 180 180 179 178 177 177 177 178 178
 117 112 118 129 133 127 174 174 179 165 134 131 129 131 126 128
 173 175 109  72  73  71 176 171 179 149  75  71  68  67  67  66
 173 174 119  72  73  75 170 169 179 141  75  66  66  64  65  65
 172 173 111  70  70  77 167 169 177 136  73  66  66  72  72  71
 171 175 106  69  69  64 175 171 174 149  72  66  66 128 155 157
 171 176 111  69  68  67 173 170 174 142  71  63  64 143 173 173
 172 175 120  69  69  71 167 170 171 136  73  65  66 146 171 172
 173 174 132  97  96 102 152 148 148 126 101  97  99 157 171 171
 171 174 173 172 170 172  71  77  74  99 165 167 168 171 172 172
 171 173 171 172 172 173  71  73  71 106 167 171 171 172 172 173
 169 171 171 172 172 173  84  71  69 111 164 172 172 172 172 172
 168 173 173 172 171 171  78  68  66 106 163 172 172 172 172 171
 166 172 173 172 170 174  65  68  69 103 165 171 172 172 172 170
 167 170 171 171 170 172  70  68  69 108 166 171 172 171 170 169

 170 170 125  69  66  70 150 164 164 163 163 164 163 162 161 160
 169 169 123  70  66  71 148 164 163 163 163 163 163 163 163 161
 169 169 127  69  65  72 125 140 142 151 163 164 164 163 163 161
 170 170 124  72  68  67  67  68  66  94 161 164 164 163 163 161
 170 170 126  75  69  67  67  67  66  92 160 164 164 163 163 161
 171 171 129  73  72  69  68  68  68  95 161 163 160 159 161 159
 172 172 160 144 135 130 143 138 130 119  95 102 107 102  99 101
 172 173 174 174 173 172 169 169 166 141  71  66  65  65  66  66
 172 173 176 176 173 169 167 166 165 141  76  66  66  67  66  69
 172 172 176 181 174 167 171 169 162 145  70  64  76  72  63  71
 172 171 129  76  79  77  65  67  71  97 165 164 164 162 165 161
 172 170 135  78  78  71  72  72  71  92 161 163 163 162 161 160
 170 169 131  76  77  71  72  73  71  92 163 163 163 163 163 161
 142 139 126 107 117 116 104 107 114 123 164 164 164 164 164 162
  67  67 119 170 172 170 171 172 169 165 165 165 164 164 163 161
  67  66 120 169 172 164 167 168 168 165 165 164 163 163 161 160
 166 165 118  59  59  64 148 160 161 161 159 160 159 158 157 156
 166 165 118  60  59  66 146 160 160 161 159 159 159 159 159 157
 167 165 122  59  58  65 121 136 139 149 160 161 160 159 159 157
 166 168 120  60  60  60  60  62  63  92 159 162 160 159 159 157
 167 168 123  63  60  60  60  62  62  90 158 162 161 159 159 157
 167 169 123  63  63  60  59  60  63  93 159 161 158 157 159 157
 168 170 152 135 126 121 134 129 125 117  93 100 105 100  97  99
 168 171 167 165 164 164 162 162 161 139  67  62  62  61  61  60
 170 171 171 171 169 169 165 164 163 139  64  60  60  59  59  59
 170 170 172 176 170 167 169 167 160 143  58  58  69  63  56  61
 170 169 123  67  69  72  59  61  65  95 159 160 159 157 161 157
 170 168 127  65  62  61  62  62  63  90 157 159 159 158 157 156
 168 167 123  65  61  61  62  63  63  90 159 160 160 159 159 157
 138 142 120 100 110 100  93  98 107 119 160 161 161 160 160 158
  62  67 113 165 165 164 163 163 162 161 161 162 161 160 159 157
  61  62 113 164 167 166 165 163 163 162 162 161 161 160 159 158
 177 178 128  66  65  71 157 173 172 171 172 173 172 171 170 169
 176 178 126  67  65  72 155 173 171 171 172 172 172 172 172 170
 177 177 131  67  64  72 128 143 146 157 171 172 172 172 172 171
 178 177 129  68  66  66  66  64  66  99 168 171 172 172 172 172
 179 177 131  71  66  66  66  63  65  97 167 171 172 172 171 171
 179 178 134  75  75  73  72  71  73 101 165 167 164 163 165 166
 180 179 165 149 141 136 149 142 136 126  99 106 111 106 103 108
 180 180 179 179 179 177 174 174 171 148  74  71  69  66  69  69
 179 180 174 171 169 169 171 170 170 148  77  73  71  68  68  68
 179 179 174 176 170 167 175 173 167 152  71  71  84  78  65  70
 179 177 127  71  75  77  64  67  71 102 172 173 173 171 174 172
 179 174 133  73  73  70  69  68  69  96 170 172 172 171 170 170
 177 173 129  72  72  70  69  69  69  97 172 172 172 172 172 171
 140 136 118 109 119 111 106 111 120 132 173 171 171 173 173 171
  62  65 112 175 174 173 175 176 175 174 174 173 171 173 172 170
  62  68 117 173 173 172 171 171 172 173 171 171 169 168 166 167

