 166 167 169 170 170 168 104  63  63  60 174 171 172 172 172 172
 169 170 171 172 171 170 102  62  61  67 172 172 173 174 174 174
 170 171 172 172 172 171 105  61  60  72 174 173 174 176 175 175
 171 172 173 173 173 171 108  66  65  57 178 174 175 176 176 175
 171 172 173 173 173 172 104  66  66  67 177 174 175 176 176 175
 171 173 172 170 169 171  94  70  70  78 173 170 172 173 176 176
 173 172 153  96  88  92 137 150 149 159  87  92 100 130 176 175
 172 171 140  66  64  68 143 174 175 178  59  68  75 115 175 175
 172 171 133  65  60  62 144 174 175 175  55  63  68 114 173 175
 171 172 135  65  61  63 142 174 175 168  56  61  65 106 156 157
 170 172 144  63  60  62 139 175 175 186  60  63  62  64  64  64
 170 170 141  60  59  60 142 174 175 181  61  63  62  63  62  61
 168 169 137  62  63  62 144 174 175 176  65  69  64  64  62  58
 106 109 118 136 134 127 162 175 175 174 136 136 129 128 126 122
  59  61 101 168 171 173 173 175 175 175 174 174 174 175 173 173
  52  53 102 168 170 172 173 174 174 174 174 174 174 175 174 173
 162 163 165 166 167 166 101  56  56  56 170 167 168 168 168 169
 165 166 167 168 168 168 100  57  57  62 167 168 169 170 170 170
 166 167 168 168 168 168 105  58  57  67 169 169 170 172 171 171
 166 168 169 169 169 169 108  59  58  53 174 170 171 172 172 172
 167 168 169 169 169 171 108  59  59  61 174 170 171 172 172 172
 167 169 169 168 167 169  92  63  63  68 174 169 170 171 172 172
 168 168 150  94  88  83 128 148 147 157  85  89  96 125 172 172
 169 169 139  65  59  59 134 170 171 175  57  59  59 102 171 172
 169 169 134  63  57  58 136 172 172 174  55  58  58 105 169 171
 167 169 135  63  56  57 134 171 171 167  56  57  57 100 154 155
 167 168 142  62  57  55 132 171 171 182  56  57  55  57  58  59
 167 168 139  58  57  56 138 170 171 176  56  58  57  57  55  54
 164 166 134  57  57  58 140 170 171 172  57  58  58  58  57  57
 102 105 113 124 122 123 158 171 171 171 128 126 124 122 127 123
  52  51  90 164 167 169 169 171 171 171 170 170 170 171 170 170
  50  49  93 164 166 168 169 170 170 170 170 170 170 171 170 169
 176 177 178 180 178 175 110  65  65  71 185 180 181 181 181 180
 179 180 182 182 180 176 106  65  64  80 185 182 182 183 183 182
 179 180 181 181 182 177 104  64  63  85 187 183 183 185 184 183
 181 181 182 182 182 177 106  65  64  68 189 184 184 185 185 183
 180 181 182 182 181 174  99  65  65  76 189 184 184 185 185 183
 181 182 180 177 175 175  98  72  72  81 187 182 183 184 185 183
 182 181 160 100  96  96 141 157 156 166  94 100 108 139 187 184
 180 179 139  60  66  73 148 183 184 183  63  68  70 114 186 185
 180 178 131  68  65  68 156 182 182 178  56  61  64 113 182 184
 180 180 136  64  64  69 151 183 183 170  56  62  65 109 163 164
 180 180 148  59  60  69 146 184 184 186  56  61  62  64  67  68
 179 177 146  60  59  70 152 184 184 182  56  59  58  60  62  60
 179 177 143  63  63  73 155 183 184 180  60  63  63  63  64  64
 117 120 125 132 131 138 172 185 184 181 137 137 135 133 135 131
  61  67 114 177 180 182 183 184 184 184 183 183 183 185 181 181
  56  62 124 177 179 183 184 184 183 183 183 184 185 186 183 182

 172 174 175 175 175 176 175 175 175 157  64  61  58 122 173 173
 172 174 175 176 176 176 176 175 173 156  64  62  62 126 173 174
 172 174 176 176 176 173 130 115 114 106  64  63  64 128 175 175
 172 173 174 175 175 172 100  75  68  65  62  62  64 129 174 174
 171 172 173 174 174 170  92  68  63  61  63  63  69 136 174 174
 174 172 174 178 177 173  87  59  55  56  60  61  65 136 174 174
  60  67  72  57  67  78 159 178 175 168 186 181 176 174 175 174
  63  61  60  65  66  70 149 175 175 175 175 175 175 175 175 174
  63  62  61  66  66  70 150 174 174 174 175 174 174 175 175 174
 104 102 105 108 104  94 137 143 144 142 139 142 144 162 173 173
 168 170 171 171 172 171  92  68  62  63  62  60  62 127 173 172
 170 171 172 173 173 169  88  64  60  61  60  59  63 134 171 170
 170 172 172 173 173 170  96  66  65  65  63  60  62 136 168 168
 169 171 172 173 173 172 153 140 133 135 144 141 137 118 101 102
 167 170 171 172 172 173 172 171 171 172 172 170 169 109  61  53
 166 169 170 171 171 171 173 172 172 171 170 170 168 106  59  52
 169 170 171 172 172 172 172 172 171 155  59  54  57 123 170 169
 168 170 171 172 172 172 172 171 169 154  58  55  57 127 170 170
 168 170 172 172 172 171 125 102 105 100  57  57  58 122 171 171
 168 169 170 171 171 170  96  59  58  57  55  57  58 124 170 170
 167 168 169 170 170 169  89  59  58  57  57  58  58 126 170 170
 170 167 169 174 174 174  85  57  55  56  56  56  57 128 170 170
  56  62  67  53  61  68 157 175 174 167 182 176 172 171 171 170
  56  57  57  58  59  63 147 171 172 171 171 171 171 171 171 170
  56  57  58  59  59  63 148 170 172 171 171 170 170 171 171 170
 101 100 105 108 108  92 128 134 136 134 132 138 140 158 169 169
 166 168 168 169 171 169  83  59  58  57  55  56  58 123 169 168
 167 168 168 169 169 167  88  59  57  56  57  57  57 122 167 166
 166 168 168 169 169 168  94  65  63  63  62  58  57 124 164 164
 165 167 168 169 169 169 150 139 134 135 142 139 134 113  90  93
 163 166 167 168 168 169 168 169 169 169 168 168 166 105  51  49
 162 165 166 166 167 167 168 169 169 167 167 167 164 102  52  50
 180 182 183 183 183 183 184 185 184 164  68  60  64 131 181 182
 181 183 184 185 185 185 187 186 182 163  67  62  64 135 181 183
 181 183 185 185 185 184 139 114 113 109  64  60  63 133 185 186
 181 182 183 184 184 183 108  70  64  65  62  58  63 135 183 185
 180 182 183 184 184 182 100  68  61  62  61  59  63 137 183 184
 185 185 187 189 189 187  94  63  56  56  56  56  60 137 183 183
  71  80  85  68  76  81 166 183 178 170 186 182 180 181 184 183
  65  64  63  64  65  72 156 184 182 183 184 184 184 184 184 183
  65  65  64  65  65  72 157 183 182 183 184 184 183 185 184 184
 110 106 104 106  99  98 141 148 156 151 146 152 155 172 183 184
 175 176 177 177 174 175  96  73  68  69  69  70  73 138 182 183
 178 180 182 182 181 175  96  66  65  64  60  59  63 131 180 179
 180 182 181 182 182 177 100  60  68  64  59  60  63 132 177 177
 178 182 181 182 182 180 160 139 131 136 148 146 143 125 114 124
 177 180 180 181 181 182 181 179 178 180 180 177 177 120  67  62
 176 179 179 181 180 181 182 180 180 180 180 179 179 117  61  56

 173 174 175 174 174 174 174 174 174 173 172 170 168 102  53  52
 173 173 175 174 174 174 175 175 175 173 173 171 168 101  61  59
 122 126 128 129 136 136 174 175 175 162 127 134 136 118 109 106
  58  62  64  64  69  65 176 175 174 144  62  63  62 137 169 168
  61  62  63  62  63  61 181 175 174 142  60  59  60 141 170 170
  64  64  64  62  63  60 186 175 175 139  62  60  63 144 172 170
 157 156 106  65  61  56 168 175 174 142  63  61  65 135 172 171
 175 173 114  68  63  55 175 175 174 144  62  60  65 133 171 172
 175 175 115  75  68  59 178 175 174 143  68  64  66 140 171 172
 175 176 130 100  92  87 159 149 150 137  92  88  96 153 172 173
 176 176 173 172 170 173  78  70  70  94 171 169 170 172 173 171
 175 176 176 175 174 177  67  66  66 104 172 173 173 173 172 171
 175 176 176 175 174 178  57  65  66 108 171 173 173 173 172 171
 175 175 176 174 173 174  72  60  61 105 171 172 172 172 171 170
 174 174 174 173 172 172  67  61  62 102 170 171 172 171 170 169
 172 172 172 172 171 174  60  63  63 104 168 170 170 169 167 166
 169 170 171 170 170 170 170 170 170 169 168 166 164  93  49  50
 170 170 171 170 170 170 171 171 171 169 169 167 164  90  51  52
 123 127 122 124 126 128 171 171 171 158 123 122 124 113 105 102
  57  57  58  58  58  57 172 171 170 140  58  57  57 134 166 164
  54  55  57  57  58  56 176 171 170 138  56  57  58 139 168 167
  59  58  57  55  57  56 182 171 171 132  55  57  62 142 168 167
 155 154 100  57  57  56 167 171 171 134  57  56  63 135 169 167
 171 169 105  58  58  55 174 172 172 136  58  57  63 134 169 169
 172 171 102  59  59  57 175 171 170 134  59  59  65 139 169 169
 172 172 125  96  89  85 157 147 148 128  83  88  94 150 168 168
 172 172 171 170 169 174  68  63  63  92 169 167 168 169 169 167
 172 172 172 171 170 174  61  59  59 108 171 169 169 169 168 167
 172 172 172 171 170 174  53  58  59 108 169 169 169 169 168 166
 171 171 172 170 169 169  67  57  58 105 168 168 168 168 167 166
 170 170 170 169 168 167  62  57  57 100 168 168 168 167 166 165
 169 168 168 168 167 170  56  56  56 101 166 167 166 165 163 162
 182 183 186 185 184 183 183 183 184 184 183 179 177 124  62  56
 181 181 185 183 183 183 184 184 184 183 182 180 177 114  67  61
 131 135 133 135 137 137 181 184 185 172 138 131 132 125 120 117
  64  64  63  63  63  60 180 184 183 155  73  63  63 143 177 179
  60  62  60  58  59  56 182 184 184 152  70  59  60 146 177 179
  68  67  64  62  61  56 186 184 184 146  69  60  59 148 180 180
 164 163 109  65  62  56 170 183 183 151  69  64  64 136 180 180
 184 182 113  64  61  56 178 182 182 156  68  65  68 131 178 180
 185 186 114  70  68  63 183 184 183 148  73  66  60 139 179 180
 184 187 139 108 100  94 166 156 157 141  96  96 100 160 181 182
 183 185 184 183 182 187  81  72  72  98 175 175 177 180 182 181
 183 185 185 184 184 189  76  65  65  99 174 181 182 182 181 180
 183 185 185 184 184 189  68  64  65 106 177 182 182 182 181 181
 183 184 185 183 183 187  85  63  64 104 177 182 181 181 180 179
 182 183 183 182 182 185  80  64  65 106 176 180 182 182 180 179
 180 181 181 181 180 185  71  65  65 110 175 178 180 178 177 176

  52  59 106 168 170 170 171 172 172 173 171 171 171 170 169 166
  53  61 109 169 170 172 172 171 171 172 173 172 172 171 170 167
 102 101 118 137 141 144 135 133 140 153 172 173 173 172 171 169
 168 168 136  62  60  63  65  65  66  96 170 173 173 172 172 170
 170 171 134  63  59  60  61  60  64  88 169 173 173 172 171 170
 172 173 127  62  60  62  63  62  68  92 171 172 171 171 170 168
 173 173 162 144 142 139 142 144 143 137  94 104 108 105 102 104
 174 175 175 174 174 175 174 174 174 150  70  66  66  61  62  63
 174 175 175 175 175 175 175 175 175 149  70  66  65  60  61  63
 174 175 174 176 181 186 168 175 178 159  78  67  57  72  67  60
 174 174 136  65  61  60  56  55  59  87 173 177 178 174 172 174
 174 174 136  69  63  63  61  63  68  92 170 174 174 173 172 171
 174 174 129  64  62  62  65  68  75 100 172 175 175 174 173 172
 175 175 128  64  63  64 106 114 115 130 173 176 176 176 174 172
 174 173 126  62  62  64 156 173 175 176 176 176 176 175 174 172
 173 173 122  58  61  64 157 175 175 175 176 175 175 175 174 172
  50  52 102 164 167 167 167 169 169 168 167 167 166 166 165 162
  49  51 105 166 168 168 169 169 169 168 169 168 168 167 166 163
  93  90 113 134 139 142 135 134 139 150 169 169 169 168 167 165
 164 164 124  57  58  62  63  63  65  94 168 169 169 168 168 166
 166 167 122  57  57  57  56  57  59  88 167 169 169 168 168 167
 168 169 123  58  56  55  57  58  59  83 169 171 169 168 168 166
 169 169 158 140 138 132 134 136 134 128  92 108 108 105 100 101
 170 171 171 170 170 171 171 172 170 148  63  59  59  58  57  56
 170 171 171 171 171 171 171 172 171 147  63  59  58  57  57  56
 170 171 171 172 176 182 167 174 175 157  68  61  53  67  62  56
 170 170 128  57  56  56  56  55  57  85 174 174 174 169 167 170
 170 170 126  58  58  57  57  58  59  89 169 170 170 169 168 167
 170 170 124  58  57  55  57  58  59  96 170 171 171 170 169 168
 171 171 122  58  57  57 100 105 102 125 171 172 172 172 170 168
 170 170 127  57  55  58 154 169 171 172 172 172 172 171 170 168
 169 170 123  57  54  59 155 171 172 172 172 172 172 171 170 169
  56  61 117 179 179 180 180 180 180 182 181 180 181 179 179 176
  62  67 120 177 177 180 180 178 179 181 182 181 181 180 180 177
 124 114 125 143 146 148 136 131 139 160 180 182 182 181 182 178
 177 177 132  63  60  59  64  68  60 100 177 182 182 181 182 180
 179 180 131  63  59  60  64  65  66  96 175 181 182 182 180 178
 183 182 138  73  70  69  69  68  73  96 175 174 177 177 176 175
 184 183 172 155 152 146 151 156 148 141  98  99 106 104 106 110
 184 184 185 183 184 184 183 182 183 157  72  65  65  64  65  65
 183 184 184 184 184 184 183 182 184 156  72  65  64  63  64  65
 183 184 181 180 182 186 170 178 183 166  81  76  68  85  80  71
 183 183 137  60  56  56  56  56  63  94 187 189 189 187 185 185
 184 183 137  63  59  61  62  61  68 100 182 184 184 183 182 180
 185 183 135  63  58  62  65  64  70 108 183 184 184 183 182 181
 186 185 133  63  60  64 109 113 114 139 184 185 185 185 183 181
 183 181 135  64  62  67 163 182 186 187 185 185 185 184 183 181
 182 181 131  64  60  68 164 184 185 184 183 183 183 183 182 180

