  91  91  90  88  88  88  88  88  89  91 210 209 209 190  92  92
  94  93  93  93  93  95  92  90  91  94 211 207 205 185  94  98
 153 153 153 155 155 155 111  93  93  92 151 150 149 158 166 165
 208 205 206 205 205 204 129  94  93  93  93  95 102 142 214 211
 211 210 210 209 208 206 150  98  95  95  95  95 103 143 211 211
 211 211 208 205 204 202 159 110 107 106  98  96 101 137 211 210
 212 211 188 118 122 118 172 186 190 196 112  94  98 140 215 209
 211 211 183  98 103 103 185 202 203 208 115  96  98 137 213 209
 209 211 181  95  98  99 188 207 207 205 115  98  98 139 212 209
 212 214 180  97  99  97 172 206 207 206 140 135 133 156 185 184
 210 212 178  93  96  94 172 205 207 206 206 205 207 176 100  98
 206 211 177  91  94  93 172 204 208 208 208 207 209 176  89  91
 203 211 184  91  93  90 174 205 208 208 208 207 206 187  85  88
 205 207 186  91  92  91 179 203 205 206 207 205 205 185  85  86
 206 204 178  89  90  93 183 202 204 205 205 203 204 181  86  86
 203 201 165  83  91  92 189 200 201 201 198 197 202 176  88  86
  74  74  73  72  72  72  73  74  75  74 192 191 194 176  78  75
  77  77  76  76  76  75  76  75  76  78 194 190 192 174  83  80
 141 147 147 147 148 149  98  77  77  76 135 134 136 146 154 156
 196 199 200 199 199 197 119  81  75  75  75  77  84 124 196 194
 197 200 200 200 199 198 138  82  77  76  76  77  79 122 197 195
 197 201 198 195 194 192 145  91  88  87  80  78  76 115 196 195
 198 201 178 108 110 105 163 182 186 186  96  78  79 120 195 197
 198 200 174  82  80  79 169 196 196 196  99  80  81 119 195 197
 198 199 173  81  77  78 173 198 198 192  98  82  81 121 194 196
 196 198 169  82  78  76 157 197 198 194 126 122 118 140 169 172
 194 196 165  78  77  75 157 196 198 198 199 198 197 162  85  81
 193 193 164  76  76  75 158 195 199 200 201 200 199 165  78  76
 194 195 172  79  76  70 159 196 199 200 201 200 199 179  77  75
 192 194 176  81  76  71 163 194 196 197 198 197 197 177  77  73
 190 192 169  80  73  73 164 193 195 196 197 195 195 170  75  72
 187 191 160  76  71  69 168 191 192 193 194 193 193 162  74  70
  76  76  75  77  78  79  77  76  77  86 207 206 199 178  80  82
  81  81  80  83  84  84  80  77  78  88 207 203 199 179  88  88
 151 156 156 156 157 158 102  79  79  85 146 145 144 153 161 163
 207 207 208 208 208 206 113  77  82  83  83  85  94 135 207 205
 209 209 209 208 207 205 139  81  81  81  80  80  91 136 210 209
 210 210 207 203 200 198 149  93  90  89  82  80  88 130 210 209
 209 207 184 115 120 115 175 195 199 193  98  80  90 135 210 205
 210 208 177  88  91  91 182 209 209 204 101  82  89 134 210 207
 213 210 173  84  88  89 185 211 211 199  99  82  88 135 208 205
 210 205 165  83  89  87 169 210 211 203 131 128 127 151 180 178
 209 206 164  80  88  86 169 209 211 210 210 208 204 166  88  83
 209 206 166  80  87  86 171 208 212 211 210 209 204 166  79  79
 207 202 169  74  81  86 176 209 212 211 210 209 203 179  77  79
 207 203 176  76  80  86 180 207 209 210 210 209 203 177  77  77
 206 203 172  77  78  87 183 206 208 209 210 208 202 171  76  76
 202 196 155  67  76  84 187 204 205 206 207 206 200 164  76  75

  92  98 165 211 211 210 209 209 209 184  98  91  88  86  86  86
  92  94 166 214 211 211 215 213 212 185 100  89  85  85  86  88
 190 185 158 142 143 137 140 137 139 156 176 176 187 185 181 176
 209 205 149 102 103 101  98  98  98 133 207 209 206 205 204 202
 209 207 150  95  95  96  94  96  98 135 205 207 207 205 203 197
 210 211 151  93  95  98 112 115 115 140 206 208 208 207 205 198
  91  94  92  93  95 106 196 208 205 206 206 208 208 206 205 201
  89  91  93  93  95 107 190 203 207 207 207 208 208 205 204 201
  88  90  93  94  98 110 186 202 207 206 205 204 205 203 202 200
  88  92 111 129 150 159 172 185 188 172 172 172 174 179 183 189
  88  95 155 204 206 202 118 103  99  97  94  93  90  91  93  92
  88  93 155 205 208 204 122 103  98  99  96  94  93  92  90  91
  88  93 155 205 209 205 118  98  95  97  93  91  91  91  89  83
  90  93 153 206 210 208 188 183 181 180 178 177 184 186 178 165
  91  93 153 205 210 211 211 211 211 214 212 211 211 207 204 201
  91  94 153 208 211 211 212 211 209 212 210 206 203 205 206 203
  75  80 156 194 195 195 197 197 196 172  81  76  75  73  72  70
  78  83 154 196 197 196 195 195 194 169  85  78  77  77  75  74
 176 174 146 124 122 115 120 119 121 140 162 165 179 177 170 162
 194 192 136  84  79  76  79  81  81 118 197 199 199 197 195 193
 191 190 134  77  77  78  78  80  82 122 198 200 200 197 195 193
 192 194 135  75  76  80  96  99  98 126 199 201 201 198 197 194
  74  78  76  75  76  87 186 196 192 194 198 200 200 197 196 193
  75  76  77  75  77  88 186 196 198 198 198 199 199 196 195 192
  74  75  77  81  82  91 182 196 198 197 196 195 196 194 193 191
  73  76  98 119 138 145 163 169 173 157 157 158 159 163 164 168
  72  75 149 197 198 192 105  79  78  76  75  75  70  71  73  69
  72  76 148 199 199 194 110  80  77  78  77  76  76  76  73  71
  72  76 147 199 200 195 108  82  81  82  78  76  79  81  80  76
  73  76 147 200 200 198 178 174 173 169 165 164 172 176 169 160
  74  77 147 199 200 201 201 200 199 198 196 193 195 194 192 191
  74  77 141 196 197 197 198 198 198 196 194 193 194 192 190 187
  82  88 163 205 209 209 205 207 205 178  83  79  79  77  76  75
  80  88 161 207 210 210 210 210 208 180  88  79  77  77  76  76
 178 179 153 135 136 130 135 134 135 151 166 166 179 177 171 164
 199 199 144  94  91  88  90  89  88 127 204 204 203 203 202 200
 206 203 145  85  80  80  80  82  82 128 208 209 209 209 208 206
 207 207 146  83  80  82  98 101  99 131 210 210 210 210 210 207
  86  88  85  83  81  89 193 204 199 203 210 211 211 210 209 206
  77  78  79  82  81  90 199 209 211 211 211 212 212 209 208 205
  76  77  79  77  81  93 195 209 211 210 209 208 209 207 206 204
  77  80 102 113 139 149 175 182 185 169 169 171 176 180 183 187
  79  84 158 206 205 198 115  91  89  87  86  86  86  86  87  84
  78  84 157 208 207 200 120  91  88  89  88  87  81  80  78  76
  77  83 156 208 208 203 115  88  84  83  80  80  74  76  77  67
  75  80 156 208 209 207 184 177 173 165 164 166 169 176 172 155
  76  81 156 207 209 210 207 208 210 205 206 206 202 203 203 196
  76  81 151 207 209 210 209 210 213 210 209 209 207 207 206 202

  86  88 176 202 197 198 201 201 200 189  92  91  83 165 201 203
  86  86 181 204 203 205 205 204 202 183  93  90  89 178 204 206
  86  85 185 205 205 207 206 205 203 179  91  92  91 186 207 205
  88  85 187 206 207 208 208 208 205 174  90  93  91 184 211 203
  91  89 176 209 207 208 208 208 204 172  93  94  91 177 211 206
  98 100 176 207 205 206 206 207 205 172  94  96  93 178 212 210
 184 185 156 133 135 140 206 207 206 172  97  99  97 180 214 212
 209 212 139  98  98 115 205 207 207 188  99  98  95 181 211 209
 209 213 137  98  96 115 208 203 202 185 103 103  98 183 211 211
 209 215 140  98  94 112 196 190 186 172 118 122 118 188 211 212
 210 211 137 101  96  98 106 107 110 159 202 204 205 208 211 211
 211 211 143 103  95  95  95  95  98 150 206 208 209 210 210 211
 211 214 142 102  95  93  93  93  94 129 204 205 205 206 205 208
 165 166 158 149 150 151  92  93  93 111 155 155 155 153 153 153
  98  94 185 205 207 211  94  91  90  92  95  93  93  93  93  94
  92  92 190 209 209 210  91  89  88  88  88  88  88  90  91  91
  70  74 162 193 193 194 193 192 191 168  69  71  76 160 191 187
  72  75 170 195 195 197 196 195 193 164  73  73  80 169 192 190
  73  77 177 197 197 198 197 196 194 163  71  76  81 176 194 192
  75  77 179 199 200 201 200 199 196 159  70  76  79 172 195 194
  76  78 165 199 200 201 200 199 195 158  75  76  76 164 193 193
  81  85 162 197 198 199 198 198 196 157  75  77  78 165 196 194
 172 169 140 118 122 126 194 198 197 157  76  78  82 169 198 196
 196 194 121  81  82  98 192 198 198 173  78  77  81 173 199 198
 197 195 119  81  80  99 196 196 196 169  79  80  82 174 200 198
 197 195 120  79  78  96 186 186 182 163 105 110 108 178 201 198
 195 196 115  76  78  80  87  88  91 145 192 194 195 198 201 197
 195 197 122  79  77  76  76  77  82 138 198 199 200 200 200 197
 194 196 124  84  77  75  75  75  81 119 197 199 199 200 199 196
 156 154 146 136 134 135  76  77  77  98 149 148 147 147 147 141
  80  83 174 192 190 194  78  76  75  76  75  76  76  76  77  77
  75  78 176 194 191 192  74  75  74  73  72  72  72  73  74  74
  75  76 164 200 206 207 206 205 204 187  84  76  67 155 196 202
  76  76 171 202 208 210 209 208 206 183  87  78  77 172 203 206
  77  77 177 203 209 210 210 209 207 180  86  80  76 176 203 207
  79  77 179 203 209 210 211 212 209 176  86  81  74 169 202 207
  79  79 166 204 209 210 211 212 208 171  86  87  80 166 206 209
  83  88 166 204 208 210 210 211 209 169  86  88  80 164 206 209
 178 180 151 127 128 131 203 211 210 169  87  89  83 165 205 210
 205 208 135  88  82  99 199 211 211 185  89  88  84 173 210 213
 207 210 134  89  82 101 204 209 209 182  91  91  88 177 208 210
 205 210 135  90  80  98 193 199 195 175 115 120 115 184 207 209
 209 210 130  88  80  82  89  90  93 149 198 200 203 207 210 210
 209 210 136  91  80  80  81  81  81 139 205 207 208 209 209 209
 205 207 135  94  85  83  83  82  77 113 206 208 208 208 207 207
 163 161 153 144 145 146  85  79  79 102 158 157 156 156 156 151
  88  88 179 199 203 207  88  78  77  80  84  84  83  80  81  81
  82  80 178 199 206 207  86  77  76  77  79  78  77  75  76  76

 203 206 205 203 206 210 212 209 211 212 211 211 208 153  94  91
 201 204 207 211 211 212 214 211 211 211 211 210 205 153  93  91
 165 178 186 184 177 178 180 181 183 188 208 210 206 153  93  90
  83  89  91  91  91  93  97  95  98 118 205 209 205 155  93  88
  91  90  92  93  94  96  99  98 103 122 204 208 205 155  93  88
  92  93  91  90  93  94  97  99 103 118 202 206 204 155  95  88
 189 183 179 174 172 172 172 188 185 172 159 150 129 111  92  88
 200 202 203 205 204 205 206 207 202 186 110  98  94  93  90  88
 201 204 205 208 208 207 207 207 203 190 107  95  93  93  91  89
 201 205 206 208 208 206 206 205 208 196 106  95  93  92  94  91
 198 205 207 208 208 206 140 115 115 112  98  95  93 151 211 210
 197 203 205 207 207 205 135  98  96  94  96  95  95 150 207 209
 202 204 205 206 209 207 133  98  98  98 101 103 102 149 205 209
 176 181 185 187 176 176 156 139 137 140 137 143 142 158 185 190
  88  86  85  85  89 100 185 212 213 215 211 211 214 166  94  92
  86  86  86  88  91  98 184 209 209 209 210 211 211 165  98  92
 187 190 192 194 193 194 196 198 198 198 197 197 196 141  77  74
 191 192 194 195 193 196 198 199 200 201 201 200 199 147  77  74
 160 169 176 172 164 165 169 173 174 178 198 200 200 147  76  73
  76  80  81  79  76  78  82  81  82 108 195 200 199 147  76  72
  71  73  76  76  76  77  78  77  80 110 194 199 199 148  76  72
  69  73  71  70  75  75  76  78  79 105 192 198 197 149  75  72
 168 164 163 159 158 157 157 173 169 163 145 138 119  98  76  73
 191 193 194 196 195 196 197 198 196 182  91  82  81  77  75  74
 192 195 196 199 199 198 198 198 196 186  88  77  75  77  76  75
 193 196 197 200 200 198 194 192 196 186  87  76  75  76  78  74
 194 197 198 201 201 199 126  98  99  96  80  76  75 135 194 192
 193 195 197 200 200 198 122  82  80  78  78  77  77 134 190 191
 193 195 197 199 199 197 118  81  81  79  76  79  84 136 192 194
 162 170 177 179 165 162 140 121 119 120 115 122 124 146 174 176
  74  75  77  77  78  85 169 194 195 195 196 197 196 154  83  78
  70  72  73  75  76  81 172 196 197 197 195 195 194 156  80  75
 202 206 207 207 209 209 210 213 210 209 210 209 207 151  81  76
 196 203 203 202 206 206 205 210 208 207 210 209 207 156  81  76
 155 172 176 169 166 164 165 173 177 184 207 209 208 156  80  75
  67  77  76  74  80  80  83  84  88 115 203 208 208 156  83  77
  76  78  80  81  87  88  89  88  91 120 200 207 208 157  84  78
  84  87  86  86  86  86  87  89  91 115 198 205 206 158  84  79
 187 183 180 176 171 169 169 185 182 175 149 139 113 102  80  77
 204 206 207 209 208 209 210 211 209 195  93  81  77  79  77  76
 205 208 209 212 212 211 211 211 209 199  90  81  82  79  78  77
 206 209 210 211 211 210 203 199 204 193  89  81  83  85  88  86
 207 210 210 210 210 210 131  99 101  98  82  80  83 146 207 207
 206 208 209 209 209 208 128  82  82  80  80  80  85 145 203 206
 200 202 203 203 204 204 127  88  89  90  88  91  94 144 199 199
 164 171 177 179 166 166 151 135 134 135 130 136 135 153 179 178
  76  76  77  77  79  88 180 208 210 210 210 210 207 161  88  80
  75  76  77  79  79  83 178 205 207 205 209 209 205 163  88  82

