 188 189 189 188 188 186 133  81  80  93 196 189 189 189 190 188
 190 190 191 191 191 189 127  81  79 101 196 192 191 192 192 191
 190 192 193 193 191 188 126  82  80  81 197 193 193 193 193 191
 190 192 193 193 191 187 131  82  82  77 195 191 193 193 193 191
 190 192 192 192 191 190 127  86  85  88 189 190 193 193 191 191
 191 193 191 189 186 187 125  91  90  83 187 185 189 189 190 190
 192 193 171  99  99 101 147 180 177 183  92  98  96 128 191 190
 192 193 161  81  86  86 163 191 191 184  85  84  81 118 191 189
 192 193 170  81  84  86 165 191 191 191  77  80  78 121 190 187
 193 193 175 120 121 122 168 192 191 195  71  74  76 100 158 154
 192 192 193 192 191 193 191 193 191 194  89  74  75  74  75  71
 192 194 194 194 194 193 193 193 191 197  84  74  73  72  70  68
 192 194 194 195 196 195 194 194 191 196  75  69  71  69  68  69
 192 194 194 194 195 195 194 194 192 193  83  70  70  69  69  69
 191 193 193 193 194 194 194 193 192 197  77  72  70  69  69  73
 190 193 193 193 193 193 196 193 191 197  75  72  71  70  70  72
 184 185 185 184 184 182 128  73  70  76 186 185 185 185 186 184
 186 186 187 187 187 185 122  74  72  84 187 186 187 188 188 187
 186 188 189 189 189 186 122  75  73  72 189 187 189 189 189 187
 186 188 189 189 189 185 126  73  73  72 191 187 189 189 189 187
 186 188 188 188 189 188 122  75  74  81 184 185 189 189 187 187
 187 189 187 186 184 185 122  83  82  77 182 180 185 185 185 185
 188 190 169  97  97  99 144 176 173 182  89  92  89 122 185 185
 188 190 159  79  76  74 153 187 187 190  86  75  72 109 184 185
 188 189 167  77  76  76 156 187 187 194  79  71  69 112 184 183
 189 189 171 116 115 116 161 188 187 194  70  70  67  91 151 150
 188 188 189 188 187 189 187 189 187 190  86  70  67  67  68  68
 188 190 190 190 190 189 189 189 187 193  80  70  66  65  64  64
 188 190 190 191 192 191 190 190 187 192  73  67  65  62  61  62
 188 190 190 190 191 191 190 190 188 190  83  70  65  62  62  62
 187 189 189 189 190 190 190 189 188 193  73  68  63  62  62  63
 186 189 189 189 189 189 190 189 188 193  69  66  64  62  62  62
 199 198 198 197 197 195 135  79  81  92 201 199 200 200 201 199
 201 200 200 200 200 197 132  83  81  99 201 200 201 202 201 200
 201 203 204 204 198 195 131  84  82  85 203 200 202 202 202 200
 201 203 204 204 198 194 137  86  86  87 206 201 202 202 202 201
 201 203 202 202 198 197 132  88  87  98 203 204 204 204 202 202
 202 202 198 197 193 194 132  97  96  93 198 195 198 198 202 204
 203 201 175 103 105 108 154 191 188 193 100 103 103 136 201 202
 203 203 165  85  87  87 166 202 202 196  91  81  87 124 199 200
 203 203 177  89  90  90 171 200 200 204  86  80  84 127 199 198
 203 203 184 129 129 131 176 202 201 204  77  77  80 104 164 163
 201 201 202 201 201 203 202 203 201 198  89  73  78  77  78  78
 201 203 203 203 203 202 202 202 200 200  81  71  74  74  73  73
 201 203 203 204 205 204 203 203 200 202  79  73  73  71  70  71
 201 203 203 203 204 204 203 204 202 201  83  70  71  71  71  71
 200 202 202 202 203 203 203 203 202 204  73  68  70  71  71  72
 199 202 202 202 202 202 201 200 200 202  71  69  70  69  69  69

 188 191 191 191 191 190 190 189 187 154  71  68  69  69  73  72
 190 192 193 193 191 190 191 191 190 158  75  70  68  69  69  70
 189 192 193 193 193 189 128 118 121 100  74  72  69  69  69  70
 189 191 193 193 193 189  96  81  78  76  75  73  71  70  70  71
 189 192 193 191 190 185  98  84  80  74  74  74  69  70  72  72
 196 196 197 195 189 187  92  85  77  71  89  84  75  83  77  75
  93 101  81  77  88  83 183 184 191 195 194 197 196 193 197 197
  80  79  80  82  85  90 177 191 191 191 191 191 191 192 192 191
  81  81  82  82  86  91 180 191 191 192 193 193 194 194 193 193
 133 127 126 131 127 125 147 163 165 168 191 193 194 194 194 196
 186 189 188 187 190 187 101  86  86 122 193 193 195 195 194 193
 188 191 191 191 191 186  99  86  84 121 191 194 196 195 194 193
 188 191 193 193 192 189  99  81  81 120 192 194 195 194 193 193
 189 191 193 193 192 191 171 161 170 175 193 194 194 194 193 193
 189 190 192 192 192 193 193 193 193 193 192 194 194 194 193 193
 188 190 190 190 190 191 192 192 192 193 192 192 192 192 191 190
 184 187 187 187 187 185 185 185 183 150  68  64  62  62  63  62
 186 188 189 189 187 185 185 184 184 151  68  64  61  62  62  62
 185 188 189 189 189 185 122 109 112  91  67  65  62  62  62  62
 185 187 189 189 189 185  89  72  69  67  67  66  65  65  63  64
 185 186 187 187 185 180  92  75  71  70  70  70  67  70  68  66
 186 187 189 191 184 182  89  86  79  70  86  80  73  83  73  69
  76  84  72  72  81  77 182 190 194 194 190 193 192 190 193 193
  70  72  73  73  74  82 173 187 187 187 187 187 187 188 188 188
  73  74  75  73  75  83 176 187 187 188 189 189 190 190 189 189
 128 122 122 126 122 122 144 153 156 161 187 189 190 190 190 190
 182 185 186 185 188 185  99  74  76 116 189 189 191 191 190 189
 184 187 189 189 189 184  97  76  76 115 187 190 192 191 190 189
 184 187 189 189 188 186  97  79  77 116 188 190 191 190 189 189
 185 187 189 189 188 187 169 159 167 171 189 190 190 190 189 189
 185 186 188 188 188 189 190 190 189 189 188 190 190 190 189 189
 184 186 186 186 186 187 188 188 188 189 188 188 188 188 187 186
 199 200 200 201 202 204 202 200 198 163  78  73  71  71  72  69
 201 201 202 202 202 202 201 199 199 164  78  73  70  71  71  69
 200 202 202 202 204 198 136 124 127 104  77  74  71  71  71  69
 200 201 202 202 204 198 103  87  84  80  78  74  73  71  70  70
 199 200 200 201 204 195 103  81  80  77  73  71  73  70  68  69
 201 201 203 206 203 198 100  91  86  77  89  81  79  83  73  71
  92  99  85  87  98  93 193 196 204 204 198 200 202 201 204 202
  81  81  82  86  87  96 188 202 200 201 201 200 200 202 202 200
  79  83  84  86  88  97 191 202 200 202 203 202 203 204 203 200
 135 132 131 137 132 132 154 166 171 176 202 202 203 203 203 201
 195 197 195 194 197 194 108  87  90 131 203 202 204 204 203 202
 197 200 198 198 198 193 105  87  90 129 201 203 205 204 203 202
 197 200 204 204 202 197 103  85  89 129 201 203 204 203 202 202
 198 200 204 204 202 198 175 165 177 184 202 203 203 203 202 202
 198 200 203 203 203 202 201 203 203 203 201 203 203 203 202 202
 199 201 201 201 201 202 203 203 203 203 201 201 201 201 200 199

  72  70  70  71  72  75 197 191 193 196 193 193 193 193 193 190
  73  69  69  70  72  77 197 192 193 194 194 194 193 193 193 191
  69  69  69  70  70  83 193 192 194 194 195 195 194 194 194 192
  69  68  69  71  69  75 196 191 194 194 195 196 195 194 194 192
  68  70  72  73  74  84 197 191 193 193 193 194 194 194 194 192
  71  75  74  75  74  89 194 191 193 191 193 191 192 193 192 192
 154 158 100  76  74  71 195 191 192 168 122 121 120 175 193 193
 187 190 121  78  80  77 191 191 191 165  86  84  81 170 193 192
 189 191 118  81  84  85 184 191 191 163  86  86  81 161 193 192
 190 191 128  96  98  92 183 177 180 147 101  99  99 171 193 192
 190 190 189 189 185 187  83  90  91 125 187 186 189 191 193 191
 191 191 193 193 190 189  88  85  86 127 190 191 192 192 192 190
 191 193 193 193 191 195  77  82  82 131 187 191 193 193 192 190
 191 193 193 193 193 197  81  80  82 126 188 191 193 193 192 190
 191 192 192 191 192 196 101  79  81 127 189 191 191 191 190 190
 188 190 189 189 189 196  93  80  81 133 186 188 188 189 189 188
  62  62  62  64  66  69 193 188 189 190 189 189 189 189 189 186
  63  62  62  63  68  73 193 188 189 190 190 190 189 189 189 187
  62  62  62  65  70  83 190 188 190 190 191 191 190 190 190 188
  62  61  62  65  67  73 192 187 190 190 191 192 191 190 190 188
  64  64  65  66  70  80 193 187 189 189 189 190 190 190 190 188
  68  68  67  67  70  86 190 187 189 187 189 187 188 189 188 188
 150 151  91  67  70  70 194 187 188 161 116 115 116 171 189 189
 183 184 112  69  71  79 194 187 187 156  76  76  77 167 189 188
 185 184 109  72  75  86 190 187 187 153  74  76  79 159 190 188
 185 185 122  89  92  89 182 173 176 144  99  97  97 169 190 188
 185 185 185 185 180 182  77  82  83 122 185 184 186 187 189 187
 187 187 189 189 185 184  81  74  75 122 188 189 188 188 188 186
 187 189 189 189 187 191  72  73  73 126 185 189 189 189 188 186
 187 189 189 189 187 189  72  73  75 122 186 189 189 189 188 186
 187 188 188 187 186 187  84  72  74 122 185 187 187 187 186 186
 184 186 185 185 185 186  76  70  73 128 182 184 184 185 185 184
  69  69  69  70  69  71 202 200 200 201 202 202 202 202 202 199
  72  71  71  70  68  73 204 202 203 203 203 203 202 202 202 200
  71  71  71  71  70  83 201 202 204 203 204 204 203 203 203 201
  71  70  71  73  73  79 202 200 203 203 204 205 204 203 203 201
  73  73  74  74  71  81 200 200 202 202 202 203 203 203 203 201
  78  78  77  78  73  89 198 201 203 202 203 201 201 202 201 201
 163 164 104  80  77  77 204 201 202 176 131 129 129 184 203 203
 198 199 127  84  80  86 204 200 200 171  90  90  89 177 203 203
 200 199 124  87  81  91 196 202 202 166  87  87  85 165 203 203
 202 201 136 103 103 100 193 188 191 154 108 105 103 175 201 203
 204 202 198 198 195 198  93  96  97 132 194 193 197 198 202 202
 202 202 204 204 204 203  98  87  88 132 197 198 202 202 203 201
 201 202 202 202 201 206  87  86  86 137 194 198 204 204 203 201
 200 202 202 202 200 203  85  82  84 131 195 198 204 204 203 201
 200 201 202 201 200 201  99  81  83 132 197 200 200 200 200 201
 199 201 200 200 199 201  92  81  79 135 195 197 197 198 198 199

 190 191 192 192 192 192 193 192 192 192 191 190 190 190 190 188
 193 193 194 194 194 192 193 193 193 193 193 192 192 192 190 189
 193 193 194 194 194 193 175 170 161 171 191 192 193 193 191 189
 193 193 194 195 194 192 120  81  81  99 189 192 193 193 191 188
 193 194 195 196 194 191 121  84  86  99 186 191 191 191 191 188
 193 194 195 195 193 193 122  86  86 101 187 190 187 188 189 186
 196 194 194 194 193 191 168 165 163 147 125 127 131 126 127 133
 193 193 194 194 193 193 192 191 191 180  91  86  82  82  81  81
 191 192 192 191 191 191 191 191 191 177  90  85  82  80  79  80
 197 197 193 196 197 194 195 191 184 183  83  88  77  81 101  93
  75  77  83  75  84  89  71  77  85  92 187 189 195 197 196 196
  72  72  70  69  74  74  74  80  84  98 185 190 191 193 192 189
  71  70  70  71  73  75  76  78  81  96 189 193 193 193 191 189
  70  69  69  69  72  74 100 121 118 128 189 193 193 193 192 189
  70  69  69  68  70  75 158 190 191 191 190 191 193 193 192 190
  72  73  69  69  68  71 154 187 189 190 190 191 191 191 191 188
 186 187 188 188 188 188 189 188 188 188 187 186 186 186 186 184
 189 189 190 190 190 188 189 189 190 190 189 188 188 188 186 185
 189 189 190 190 190 189 171 167 159 169 187 188 189 189 187 185
 189 189 190 191 190 188 116  77  79  97 186 188 189 189 187 184
 189 190 191 192 190 187 115  76  76  97 184 189 189 189 187 184
 189 190 191 191 189 189 116  76  74  99 185 188 185 186 185 182
 190 190 190 190 189 187 161 156 153 144 122 122 126 122 122 128
 189 189 190 190 189 189 188 187 187 176  83  75  73  75  74  73
 188 188 188 187 187 187 187 187 187 173  82  74  73  73  72  70
 193 193 190 192 193 190 194 194 190 182  77  81  72  72  84  76
  69  73  83  73  80  86  70  79  86  89 182 184 191 189 187 186
  66  68  70  67  70  70  70  71  75  92 180 185 187 187 186 185
  64  63  65  65  66  67  67  69  72  89 185 189 189 189 187 185
  62  62  62  62  65  67  91 112 109 122 185 189 189 189 188 185
  62  62  62  61  64  68 151 184 184 185 185 187 189 189 188 186
  62  63  62  62  64  68 150 183 185 185 185 187 187 187 187 184
 199 200 201 201 201 201 203 203 203 203 202 201 201 201 201 199
 202 202 203 203 203 201 203 203 203 201 202 203 203 203 200 198
 202 202 203 203 203 202 184 177 165 175 198 202 204 204 200 198
 202 202 203 204 203 201 129  89  85 103 197 202 204 204 200 197
 202 203 204 205 203 201 129  90  87 105 193 198 198 198 200 197
 202 203 204 204 202 203 131  90  87 108 194 197 194 195 197 195
 201 203 203 203 202 202 176 171 166 154 132 132 137 131 132 135
 200 203 204 203 202 203 202 200 202 191  97  88  86  84  83  79
 200 202 202 200 200 201 201 200 202 188  96  87  86  82  81  81
 202 204 201 202 200 198 204 204 196 193  93  98  87  85  99  92
  71  73  83  79  81  89  77  86  91 100 198 203 206 203 201 201
  69  68  70  73  71  73  77  80  81 103 195 204 201 200 200 199
  70  70  71  73  74  78  80  84  87 103 198 204 202 202 201 200
  69  71  71  71  74  77 104 127 124 136 198 204 202 202 202 200
  69  71  71  70  73  78 164 199 199 201 202 202 202 202 201 201
  69  72  71  71  73  78 163 198 200 202 204 202 201 200 200 199

