 172 173 173 175 173 171  99  70  75  86 173 173 175 176 175 174
 173 174 175 175 175 172  92  76  73  91 173 174 176 176 177 175
 174 174 175 176 175 172 110  76  76  90 173 175 176 177 177 177
 174 174 175 175 175 173 103  76  76  96 176 175 176 177 178 176
 174 174 175 176 174 172 107  77  82  91 176 174 175 176 176 176
 173 174 174 173 172 168 104  77  77  88 172 172 173 175 175 176
 174 175 145  99  95  97 140 155 153 157  91  98  98 133 176 176
 173 173 146  77  74  78 148 173 173 168  71  76  77 124 177 176
 173 172 146  80  78  80 150 173 174 177  71  76  77 129 174 175
 173 174 146  98  96 107 156 174 174 173  70  74  75 119 176 175
 173 175 175 171 171 172 173 175 174 169  70  74  72 117 174 175
 172 173 176 175 174 174 175 176 175 178  68  78  77 123 172 174
 170 172 171 171 172 174 174 175 175 173  67  78  76 119 171 172
 115 121 124 118 118 116 158 175 175 172 133 133 137 124 113 110
  68  70  70  74  74  77 155 175 174 174 174 173 172 127  77  69
  69  67  67  67  66  73 140 174 173 173 173 173 171 142  68  66
 169 170 169 171 169 167 101  68  68  79 169 169 171 172 171 170
 171 172 171 171 171 169  97  70  68  85 169 170 171 170 173 171
 171 172 172 172 172 170 104  68  69  82 169 171 171 173 173 173
 170 171 171 171 171 169 102  69  67  82 168 171 172 173 174 172
 171 171 172 172 170 168 104  70  66  79 171 170 171 172 172 172
 171 171 171 171 170 166 101  72  70  81 168 169 169 171 171 172
 170 171 145 100  93  95 136 151 149 155  89  94  92 126 171 172
 168 169 141  72  69  71 141 169 168 165  68  70  69 113 167 170
 169 169 145  72  69  68 141 169 170 173  68  67  65 120 169 169
 169 172 145  98  94 100 150 170 170 170  67  67  67 110 170 171
 169 171 171 167 167 170 170 171 170 167  67  66  64 111 168 169
 168 169 172 171 170 170 171 172 171 176  66  63  62 112 168 168
 166 168 167 167 168 170 170 171 171 171  65  68  66 111 166 168
 109 109 110 108 107 109 152 169 170 169 130 128 132 122 112 106
  60  61  60  62  62  64 144 170 169 170 170 169 168 125  63  62
  57  56  59  60  59  61 132 170 169 169 169 168 166 137  63  60
 179 180 182 184 182 180 101  68  68  79 182 182 185 186 186 186
 180 181 183 184 184 181  96  70  70  88 183 184 187 188 188 186
 181 181 184 185 182 179 105  69  76  91 182 185 189 189 188 188
 182 183 184 184 184 182  97  72  76  92 181 185 187 188 189 187
 181 181 183 185 183 180 102  72  76  91 185 185 186 187 187 187
 181 183 182 180 177 172 105  76  77  92 180 181 183 186 186 187
 183 184 147  98 100 101 146 164 162 164  93  99 101 139 185 187
 185 182 151  72  71  80 153 182 184 174  68  70  73 127 188 190
 184 179 143  72  72  81 154 184 186 186  70  70  69 130 188 190
 183 181 153  98  96 112 162 185 184 179  71  69  71 123 186 186
 184 183 184 180 180 180 181 184 183 174  73  70  72 129 187 190
 181 182 185 186 185 185 186 187 186 185  75  71  71 126 189 188
 179 182 182 182 184 185 185 186 186 180  74  70  68 129 185 183
 116 116 117 118 117 121 165 186 187 181 141 140 143 135 124 119
  62  65  66  65  64  75 159 186 187 185 185 184 183 131  70  68
  58  57  59  60  59  69 145 184 184 184 184 185 185 142  63  64

 174 175 177 176 176 176 176 176 175 175 175 174 172 110  69  66
 175 177 177 178 176 175 176 177 174 176 174 172 171 113  77  68
 176 176 177 177 176 175 133 124 129 119 117 123 119 124 127 142
 175 176 176 176 175 173  98  77  77  75  72  77  76 137 172 171
 173 174 175 175 174 172  98  76  76  74  74  78  78 133 173 173
 173 173 173 176 176 172  91  71  71  70  70  68  67 133 174 173
  86  91  90  96  91  88 157 168 177 173 169 178 173 172 174 173
  75  73  76  76  82  77 153 173 174 174 174 175 175 175 174 173
  70  76  76  76  77  77 155 173 173 174 175 176 175 175 175 174
  99  92 110 103 107 104 140 148 150 156 173 175 174 158 155 140
 171 172 172 173 172 168  97  78  80 107 172 174 174 116  77  73
 173 175 175 175 174 172  95  74  78  96 171 174 172 118  74  66
 175 175 176 175 176 173  99  77  80  98 171 175 171 118  74  67
 173 175 175 175 175 174 145 146 146 146 175 176 171 124  70  67
 173 174 174 174 174 174 175 173 172 174 175 173 172 121  70  67
 172 173 174 174 174 173 174 173 173 173 173 172 170 115  68  69
 170 171 173 172 172 172 172 170 169 171 169 168 168 106  62  60
 171 173 173 174 172 171 171 167 169 170 168 168 166 112  63  63
 172 170 173 173 172 171 126 113 120 110 111 112 111 122 125 137
 171 171 171 172 171 169  92  69  65  67  64  62  66 132 168 166
 169 170 171 171 170 169  94  70  67  67  66  63  68 128 169 168
 169 169 169 168 171 168  89  68  68  67  67  66  65 130 170 169
  79  85  82  82  79  81 155 165 173 170 167 176 171 169 170 169
  68  68  69  67  66  70 149 168 170 170 170 171 171 170 169 169
  68  70  68  69  70  72 151 169 169 170 171 172 171 169 170 170
 101  97 104 102 104 101 136 141 141 150 170 171 170 152 144 132
 167 169 170 169 168 166  95  71  68 100 170 170 170 109  64  61
 169 171 172 171 170 170  93  69  69  94 167 170 168 107  62  59
 171 171 172 171 172 171 100  72  72  98 167 171 167 108  62  60
 169 171 172 171 172 171 145 141 145 145 171 172 167 110  60  59
 170 172 172 171 171 171 171 169 169 172 171 169 168 109  61  56
 169 171 171 170 171 171 170 168 169 169 169 168 166 109  60  57
 186 186 188 187 187 187 187 190 190 186 190 188 183 119  68  64
 186 188 188 189 187 186 185 188 188 186 187 189 185 124  70  63
 186 188 189 188 187 186 139 127 130 123 129 126 129 135 131 142
 185 187 189 187 186 183 101  73  69  71  72  71  68 143 183 185
 182 184 185 185 185 181  99  70  70  69  70  71  70 140 184 185
 182 183 182 181 185 180  93  68  70  71  73  75  74 141 185 184
  79  88  91  92  91  92 164 174 186 179 174 185 180 181 185 184
  68  70  76  76  76  77 162 184 186 184 183 186 186 187 187 184
  68  70  69  72  72  76 164 182 184 185 184 187 186 186 186 184
 101  96 105  97 102 105 146 153 154 162 181 186 185 165 159 145
 180 181 179 182 180 172 101  80  81 112 180 185 185 121  75  69
 182 184 182 184 183 177 100  71  72  96 180 185 184 117  64  59
 184 184 185 184 185 180  98  72  72  98 180 186 182 118  65  60
 182 183 184 184 183 182 147 151 143 153 184 185 182 117  66  59
 180 181 181 183 181 183 184 182 179 181 183 182 182 116  65  57
 179 180 181 182 181 181 183 185 184 183 184 181 179 116  62  58

  66  68 142 171 173 173 173 173 174 140  73  66  67  67  67  69
  69  77 127 172 173 174 174 174 175 155  77  74  74  70  70  68
 110 113 124 137 133 133 172 175 175 158 116 118 118 124 121 115
 172 171 119  76  78  67 173 175 175 174 174 172 171 171 172 170
 174 172 123  77  78  68 178 175 176 175 174 174 175 176 173 172
 175 174 117  72  74  70 169 174 175 173 172 171 171 175 175 173
 175 176 119  75  74  70 173 174 174 156 107  96  98 146 174 173
 175 174 129  77  76  71 177 174 173 150  80  78  80 146 172 173
 176 177 124  77  76  71 168 173 173 148  78  74  77 146 173 173
 176 176 133  98  98  91 157 153 155 140  97  95  99 145 175 174
 176 175 175 173 172 172  88  77  77 104 168 172 173 174 174 173
 176 176 176 175 174 176  91  82  77 107 172 174 176 175 174 174
 176 178 177 176 175 176  96  76  76 103 173 175 175 175 174 174
 177 177 177 176 175 173  90  76  76 110 172 175 176 175 174 174
 175 177 176 176 174 173  91  73  76  92 172 175 175 175 174 173
 174 175 176 175 173 173  86  75  70  99 171 173 175 173 173 172
  60  63 137 166 168 169 169 169 170 132  61  59  60  59  56  57
  62  63 125 168 169 170 170 169 170 144  64  62  62  60  61  60
 106 112 122 132 128 130 169 170 169 152 109 107 108 110 109 109
 168 166 111  66  68  65 171 171 171 170 170 168 167 167 168 166
 168 168 112  62  63  66 176 171 172 171 170 170 171 172 169 168
 169 168 111  64  66  67 167 170 171 170 170 167 167 171 171 169
 171 170 110  67  67  67 170 170 170 150 100  94  98 145 172 169
 169 169 120  65  67  68 173 170 169 141  68  69  72 145 169 169
 170 167 113  69  70  68 165 168 169 141  71  69  72 141 169 168
 172 171 126  92  94  89 155 149 151 136  95  93 100 145 171 170
 172 171 171 169 169 168  81  70  72 101 166 170 171 171 171 171
 172 172 172 171 170 171  79  66  70 104 168 170 172 172 171 171
 172 174 173 172 171 168  82  67  69 102 169 171 171 171 171 170
 173 173 173 171 171 169  82  69  68 104 170 172 172 172 172 171
 171 173 170 171 170 169  85  68  70  97 169 171 171 171 172 171
 170 171 172 171 169 169  79  68  68 101 167 169 171 169 170 169
  64  63 142 185 185 184 184 184 184 145  69  59  60  59  57  58
  68  70 131 183 184 185 185 187 186 159  75  64  65  66  65  62
 119 124 135 143 140 141 181 187 186 165 121 117 118 117 116 116
 183 185 129  68  70  74 180 186 186 185 185 184 182 182 182 179
 188 189 126  71  71  75 185 186 187 186 185 185 186 185 182 181
 190 187 129  72  70  73 174 183 184 181 180 180 180 184 183 184
 186 186 123  71  69  71 179 184 185 162 112  96  98 153 181 183
 190 188 130  69  70  70 186 186 184 154  81  72  72 143 179 184
 190 188 127  73  70  68 174 184 182 153  80  71  72 151 182 185
 187 185 139 101  99  93 164 162 164 146 101 100  98 147 184 183
 187 186 186 183 181 180  92  77  76 105 172 177 180 182 183 181
 187 187 187 186 185 185  91  76  72 102 180 183 185 183 181 181
 187 189 188 187 185 181  92  76  72  97 182 184 184 184 183 182
 188 188 189 189 185 182  91  76  69 105 179 182 185 184 181 181
 186 188 188 187 184 183  88  70  70  96 181 184 184 183 181 180
 186 186 186 185 182 182  79  68  68 101 180 182 184 182 180 179

  69  68 115 170 172 173 173 173 173 174 173 174 174 174 173 172
  67  70 121 172 173 175 174 172 173 175 174 174 174 174 174 173
  67  70 124 171 176 175 146 146 146 145 174 175 175 175 175 173
  67  74 118 171 175 171  98  80  77  99 173 176 175 176 175 175
  66  74 118 172 174 171  96  78  74  95 172 174 175 175 175 173
  73  77 116 174 174 172 107  80  78  97 168 172 173 172 172 171
 140 155 158 174 175 173 156 150 148 140 104 107 103 110  92  99
 174 175 175 175 176 175 174 173 173 155  77  77  76  76  76  70
 173 174 175 175 175 174 174 174 173 153  77  82  76  76  73  75
 173 174 172 173 178 169 173 177 168 157  88  91  96  90  91  86
 173 174 133  67  68  70  70  71  71  91 172 176 176 173 173 173
 173 173 133  78  78  74  74  76  76  98 172 174 175 175 174 173
 171 172 137  76  77  72  75  77  77  98 173 175 176 176 176 175
 142 127 124 119 123 117 119 129 124 133 175 176 177 177 176 176
  68  77 113 171 172 174 176 174 177 176 175 176 178 177 177 175
  66  69 110 172 174 175 175 175 176 176 176 176 176 177 175 174
  57  60 109 166 168 169 169 169 168 170 171 171 170 171 171 169
  56  61 109 168 169 171 172 169 169 171 171 171 171 172 172 170
  59  60 110 167 172 171 145 145 141 145 171 172 171 172 171 169
  60  62 108 167 171 167  98  72  72 100 171 172 171 172 171 171
  59  62 107 168 170 167  94  69  69  93 170 170 171 172 171 169
  61  64 109 170 170 170 100  68  71  95 166 168 169 170 169 167
 132 144 152 170 171 170 150 141 141 136 101 104 102 104  97 101
 170 170 169 171 172 171 170 169 169 151  72  70  69  68  70  68
 169 169 170 171 171 170 170 170 168 149  70  66  67  69  68  68
 169 170 169 171 176 167 170 173 165 155  81  79  82  82  85  79
 169 170 130  65  66  67  67  68  68  89 168 171 168 169 169 169
 168 169 128  68  63  66  67  67  70  94 169 170 171 171 170 169
 166 168 132  66  62  64  67  65  69  92 169 171 172 171 171 171
 137 125 122 111 112 111 110 120 113 126 171 172 173 173 170 172
  63  63 112 166 168 168 170 169 167 171 171 172 174 173 173 171
  60  62 106 168 168 169 171 169 170 172 172 172 172 173 171 170
  58  62 116 179 181 184 183 184 185 183 181 181 182 181 180 179
  57  65 116 182 182 183 181 179 182 184 183 181 183 181 181 180
  59  66 117 182 185 184 153 143 151 147 182 183 184 184 183 182
  60  65 118 182 186 180  98  72  72  98 180 185 184 185 184 184
  59  64 117 184 185 180  96  72  71 100 177 183 184 182 184 182
  69  75 121 185 185 180 112  81  80 101 172 180 182 179 181 180
 145 159 165 185 186 181 162 154 153 146 105 102  97 105  96 101
 184 186 186 186 187 184 185 184 182 164  76  72  72  69  70  68
 184 187 187 186 186 183 184 186 184 162  77  76  76  76  70  68
 184 185 181 180 185 174 179 186 174 164  92  91  92  91  88  79
 184 185 141  74  75  73  71  70  68  93 180 185 181 182 183 182
 185 184 140  70  71  70  69  70  70  99 181 185 185 185 184 182
 185 183 143  68  71  72  71  69  73 101 183 186 187 189 187 185
 142 131 135 129 126 129 123 130 127 139 186 187 188 189 188 186
  63  70 124 185 189 187 186 188 188 185 186 187 189 188 188 186
  64  68 119 183 188 190 186 190 190 187 187 187 187 188 186 186

