  71  70  72  71  72  72  70  69  69  79 210 230 230 209  80  79
  78  76  78  79  82  80  74  73  75  81 213 227 230 213  80  84
 158 161 161 160 161 155 116  72  72  78 144 151 159 163 170 168
 226 228 228 227 226 225 152  80  79  77  81  83  82 120 234 233
 229 230 229 229 227 223 152  82  81  81  82  82  85 120 231 234
 229 231 229 226 223 220 162  88  91  92  83  83  84 122 232 235
 230 232 212 110 107 105 162 209 206 216 110  83  84 128 234 236
 230 231 209  90  85  88 165 227 229 234 113  85  85 119 238 237
 229 230 197  89  85  86 159 227 229 235 110  89  89 124 238 234
 197 195 184 125 125 124 179 227 229 234 149 129 131 162 237 236
  86  87 124 229 226 225 225 226 229 232 237 233 231 235 235 230
  79  81 127 229 227 226 226 227 228 232 233 232 232 232 231 229
  82  85 117 224 223 224 225 225 227 230 230 230 229 231 231 225
 169 168 164 137 140 141 194 222 225 230 160 142 140 141 136 135
 223 223 193  84  80  80 164 217 223 230 101  83  77  74  76  77
 221 221 183  70  76  76 164 215 220 226  93  72  71  71  72  71
  62  62  64  62  59  60  60  60  61  73 207 228 228 215  75  65
  67  69  70  69  65  65  63  62  63  65 207 225 227 217  77  70
 159 163 162 163 161 160 119  65  63  68 139 150 154 165 167 166
 223 226 226 225 224 221 157  69  63  65  68  69  70 106 228 231
 227 228 227 227 225 222 155  71  65  65  66  66  68 102 229 233
 227 229 227 224 221 218 160  82  78  78  70  69  69 103 230 232
 228 230 210 107 102 100 157 208 212 215 110  72  70 110 228 232
 228 229 207  80  75  74 158 223 227 232 110  74  72 101 229 232
 227 228 195  81  75  75 152 223 227 232 105  76  74 107 229 233
 197 194 181 121 122 120 177 224 226 232 149 123 124 150 230 232
  72  75 114 223 224 223 223 224 227 230 231 230 229 229 230 228
  66  70 115 222 225 224 224 225 226 230 232 230 230 230 227 227
  66  69 109 217 220 220 221 223 225 228 228 228 227 226 224 223
 169 170 165 138 137 137 190 220 223 228 156 137 137 136 134 132
 220 221 190  73  65  70 160 215 221 230  93  68  64  63  61  60
 217 217 185  66  61  63 160 211 216 226  89  62  60  57  56  55
  68  68  65  64  67  67  66  64  67  81 215 236 234 215  75  67
  75  78  75  74  74  73  71  64  65  78 219 233 233 219  76  72
 174 174 173 175 174 168 123  69  68  76 146 157 161 172 177 175
 233 236 235 234 233 228 156  74  71  72  75  74  79 118 236 235
 236 237 236 236 234 230 159  77  73  73  73  73  75 113 235 236
 236 237 235 233 230 228 165  89  88  86  75  71  75 119 236 238
 237 236 216 118 113 111 173 218 220 217 110  73  76 122 235 238
 237 237 213  86  82  85 174 237 236 237 110  75  76 116 237 238
 236 236 201  87  83  88 166 238 235 237 105  77  78 120 237 236
 207 204 191 131 134 137 191 235 234 237 153 128 130 160 234 232
  82  86 133 236 233 232 232 233 233 236 231 233 235 235 236 234
  73  76 137 235 234 233 233 234 233 236 235 235 236 236 233 233
  75  78 127 233 232 232 234 232 232 234 234 234 234 232 230 229
 178 178 175 148 151 151 205 229 232 234 166 146 145 145 144 143
 230 230 195  74  71  80 175 225 229 230  94  70  68  65  63  62
 229 229 190  66  65  71 175 224 229 226  89  63  61  59  58  57

  79  84 168 233 234 235 236 237 234 236 230 229 225 135  77  71
  80  80 170 234 231 232 234 238 238 237 235 231 231 136  76  72
 209 213 163 120 120 122 128 119 124 162 235 232 231 141  74  71
 230 230 159  82  85  84  84  85  89 131 231 232 229 140  77  71
 230 227 151  83  82  83  83  85  89 129 233 232 230 142  83  72
 210 213 144  81  82  83 110 113 110 149 237 233 230 160 101  93
  79  81  78  77  81  92 216 234 235 234 232 232 230 230 230 226
  69  75  72  79  81  91 206 229 229 229 229 228 227 225 223 220
  69  73  72  80  82  88 209 227 227 227 226 227 225 222 217 215
  70  74 116 152 152 162 162 165 159 179 225 226 225 194 164 164
  72  80 155 225 223 220 105  88  86 124 225 226 224 141  80  76
  72  82 161 226 227 223 107  85  85 125 226 227 223 140  80  76
  71  79 160 227 229 226 110  90  89 125 229 229 224 137  84  70
  72  78 161 228 229 229 212 209 197 184 124 127 117 164 193 183
  70  76 161 228 230 231 232 231 230 195  87  81  85 168 223 221
  71  78 158 226 229 229 230 230 229 197  86  79  82 169 223 221
  65  70 166 231 233 232 232 232 233 232 228 227 223 132  60  55
  75  77 167 228 229 230 228 229 229 230 230 227 224 134  61  56
 215 217 165 106 102 103 110 101 107 150 229 230 226 136  63  57
 228 227 154  70  68  69  70  72  74 124 229 230 227 137  64  60
 228 225 150  69  66  69  72  74  76 123 230 230 228 137  68  62
 207 207 139  68  66  70 110 110 105 149 231 232 228 156  93  89
  73  65  68  65  65  78 215 232 232 232 230 230 228 228 230 226
  61  63  63  63  65  78 212 227 227 226 227 226 225 223 221 216
  60  62  65  69  71  82 208 223 223 224 224 225 223 220 215 211
  60  63 119 157 155 160 157 158 152 177 223 224 221 190 160 160
  60  65 160 221 222 218 100  74  75 120 223 224 220 137  70  63
  59  65 161 224 225 221 102  75  75 122 224 225 220 137  65  61
  62  69 163 225 227 224 107  80  81 121 223 222 217 138  73  66
  64  70 162 226 227 227 210 207 195 181 114 115 109 165 190 185
  62  69 163 226 228 229 230 229 228 194  75  70  69 170 221 217
  62  67 159 223 227 227 228 228 227 197  72  66  66 169 220 217
  67  72 175 235 236 238 238 238 236 232 234 233 229 143  62  57
  75  76 177 236 235 236 235 237 237 234 236 233 230 144  63  58
 215 219 172 118 113 119 122 116 120 160 235 236 232 145  65  59
 234 233 161  79  75  75  76  76  78 130 235 236 234 145  68  61
 236 233 157  74  73  71  73  75  77 128 233 235 234 146  70  63
 215 219 146  75  73  75 110 110 105 153 231 235 234 166  94  89
  81  78  76  72  73  86 217 237 237 237 236 236 234 234 230 226
  67  65  68  71  73  88 220 236 235 234 233 233 232 232 229 229
  64  64  69  74  77  89 218 237 238 235 233 234 232 229 225 224
  66  71 123 156 159 165 173 174 166 191 232 233 234 205 175 175
  67  73 168 228 230 228 111  85  88 137 232 233 232 151  80  71
  67  74 174 233 234 230 113  82  83 134 233 234 232 151  71  65
  64  74 175 234 236 233 118  86  87 131 236 235 233 148  74  66
  65  75 173 235 236 235 216 213 201 191 133 137 127 175 195 190
  68  78 174 236 237 237 236 237 236 204  86  76  78 178 230 229
  68  75 174 233 236 236 237 237 236 207  82  73  75 178 230 229

  71  72  71  71  72  93 226 220 215 164  76  76  70 183 221 221
  77  76  74  77  83 101 230 223 217 164  80  80  84 193 223 223
 135 136 141 140 142 160 230 225 222 194 141 140 137 164 168 169
 225 231 231 229 230 230 230 227 225 225 224 223 224 117  85  82
 229 231 232 232 232 233 232 228 227 226 226 227 229 127  81  79
 230 235 235 231 233 237 232 229 226 225 225 226 229 124  87  86
 236 237 162 131 129 149 234 229 227 179 124 125 125 184 195 197
 234 238 124  89  89 110 235 229 227 159  86  85  89 197 230 229
 237 238 119  85  85 113 234 229 227 165  88  85  90 209 231 230
 236 234 128  84  83 110 216 206 209 162 105 107 110 212 232 230
 235 232 122  84  83  83  92  91  88 162 220 223 226 229 231 229
 234 231 120  85  82  82  81  81  82 152 223 227 229 229 230 229
 233 234 120  82  83  81  77  79  80 152 225 226 227 228 228 226
 168 170 163 159 151 144  78  72  72 116 155 161 160 161 161 158
  84  80 213 230 227 213  81  75  73  74  80  82  79  78  76  78
  79  80 209 230 230 210  79  69  69  70  72  72  71  72  70  71
  55  56  57  60  62  89 226 216 211 160  63  61  66 185 217 217
  60  61  63  64  68  93 230 221 215 160  70  65  73 190 221 220
 132 134 136 137 137 156 228 223 220 190 137 137 138 165 170 169
 223 224 226 227 228 228 228 225 223 221 220 220 217 109  69  66
 227 227 230 230 230 232 230 226 225 224 224 225 222 115  70  66
 228 230 229 229 230 231 230 227 224 223 223 224 223 114  75  72
 232 230 150 124 123 149 232 226 224 177 120 122 121 181 194 197
 233 229 107  74  76 105 232 227 223 152  75  75  81 195 228 227
 232 229 101  72  74 110 232 227 223 158  74  75  80 207 229 228
 232 228 110  70  72 110 215 212 208 157 100 102 107 210 230 228
 232 230 103  69  69  70  78  78  82 160 218 221 224 227 229 227
 233 229 102  68  66  66  65  65  71 155 222 225 227 227 228 227
 231 228 106  70  69  68  65  63  69 157 221 224 225 226 226 223
 166 167 165 154 150 139  68  63  65 119 160 161 163 162 163 159
  70  77 217 227 225 207  65  63  62  63  65  65  69  70  69  67
  65  75 215 228 228 207  73  61  60  60  60  59  62  64  62  62
  57  58  59  61  63  89 226 229 224 175  71  65  66 190 229 229
  62  63  65  68  70  94 230 229 225 175  80  71  74 195 230 230
 143 144 145 145 146 166 234 232 229 205 151 151 148 175 178 178
 229 230 232 234 234 234 234 232 232 234 232 232 233 127  78  75
 233 233 236 236 235 235 236 233 234 233 233 234 235 137  76  73
 234 236 235 235 233 231 236 233 233 232 232 233 236 133  86  82
 232 234 160 130 128 153 237 234 235 191 137 134 131 191 204 207
 236 237 120  78  77 105 237 235 238 166  88  83  87 201 236 236
 238 237 116  76  75 110 237 236 237 174  85  82  86 213 237 237
 238 235 122  76  73 110 217 220 218 173 111 113 118 216 236 237
 238 236 119  75  71  75  86  88  89 165 228 230 233 235 237 236
 236 235 113  75  73  73  73  73  77 159 230 234 236 236 237 236
 235 236 118  79  74  75  72  71  74 156 228 233 234 235 236 233
 175 177 172 161 157 146  76  68  69 123 168 174 175 173 174 174
  72  76 219 233 233 219  78  65  64  71  73  74  74  75  78  75
  67  75 215 234 236 215  81  67  64  66  67  67  64  65  68  68

 221 223 169  82  79  86 197 229 230 230 229 229 226 158  78  71
 221 223 168  85  81  87 195 230 231 232 231 230 228 161  76  70
 183 193 164 117 127 124 184 197 209 212 229 229 228 161  78  72
  70  84 137 224 229 229 125  89  90 110 226 229 227 160  79  71
  76  80 140 223 227 226 125  85  85 107 223 227 226 161  82  72
  76  80 141 224 226 225 124  86  88 105 220 223 225 155  80  72
 164 164 194 225 226 225 179 159 165 162 162 152 152 116  74  70
 215 217 222 225 227 226 227 227 227 209  88  82  80  72  73  69
 220 223 225 227 228 229 229 229 229 206  91  81  79  72  75  69
 226 230 230 230 232 232 234 235 234 216  92  81  77  78  81  79
  93 101 160 230 233 237 149 110 113 110  83  82  81 144 213 210
  72  83 142 230 232 233 129  89  85  83  83  82  83 151 227 230
  71  77 140 229 232 231 131  89  85  84  84  85  82 159 230 230
  71  74 141 231 232 235 162 124 119 128 122 120 120 163 213 209
  72  76 136 231 231 235 237 238 238 234 232 231 234 170  80  80
  71  77 135 225 229 230 236 234 237 236 235 234 233 168  84  79
 217 220 169  66  66  72 197 227 228 228 227 227 223 159  67  62
 217 221 170  69  70  75 194 228 229 230 229 228 226 163  69  62
 185 190 165 109 115 114 181 195 207 210 227 227 226 162  70  64
  66  73 138 217 222 223 121  81  80 107 224 227 225 163  69  62
  61  65 137 220 225 224 122  75  75 102 221 225 224 161  65  59
  63  70 137 220 224 223 120  75  74 100 218 222 221 160  65  60
 160 160 190 221 224 223 177 152 158 157 160 155 157 119  63  60
 211 215 220 223 225 224 224 223 223 208  82  71  69  65  62  60
 216 221 223 225 226 227 226 227 227 212  78  65  63  63  63  61
 226 230 228 228 230 230 232 232 232 215  78  65  65  68  65  73
  89  93 156 228 232 231 149 105 110 110  70  66  68 139 207 207
  62  68 137 228 230 230 123  76  74  72  69  66  69 150 225 228
  60  64 137 227 230 229 124  74  72  70  69  68  70 154 227 228
  57  63 136 226 230 229 150 107 101 110 103 102 106 165 217 215
  56  61 134 224 227 230 230 229 229 228 230 229 228 167  77  75
  55  60 132 223 227 228 232 233 232 232 232 233 231 166  70  65
 229 230 178  75  73  82 207 236 237 237 236 236 233 174  75  68
 229 230 178  78  76  86 204 236 237 236 237 237 236 174  78  68
 190 195 175 127 137 133 191 201 213 216 235 236 235 173  75  65
  66  74 148 233 235 236 131  87  86 118 233 236 234 175  74  64
  65  71 151 232 234 233 134  83  82 113 230 234 233 174  74  67
  71  80 151 232 233 232 137  88  85 111 228 230 228 168  73  67
 175 175 205 234 233 232 191 166 174 173 165 159 156 123  71  66
 224 225 229 232 234 233 235 238 237 218  89  77  74  69  64  64
 229 229 232 232 233 233 234 235 236 220  88  73  71  68  65  67
 226 230 234 234 236 236 237 237 237 217  86  73  72  76  78  81
  89  94 166 234 235 231 153 105 110 110  75  73  75 146 219 215
  63  70 146 234 235 233 128  77  75  73  71  73  74 157 233 236
  61  68 145 234 236 235 130  78  76  76  75  75  79 161 233 234
  59  65 145 232 236 235 160 120 116 122 119 113 118 172 219 215
  58  63 144 230 233 236 234 237 237 235 236 235 236 177  76  75
  57  62 143 229 233 234 232 236 238 238 238 236 235 175  72  67

