 246 242 241 242 243 239 174  97  93  91 243 243 238 237 235 229
 244 241 239 239 237 233 171  99  97  98 233 241 237 236 233 227
 242 239 238 238 236 232 164  96  97 100 229 237 231 230 228 224
 241 238 236 235 233 230 164  97  96 100 229 234 227 225 224 223
 238 235 232 231 229 226 158  94  93  95 229 231 223 222 220 219
 234 230 224 205 199 198 162 128 125 113 199 203 207 213 223 218
 233 226 202  95 101  99 179 223 221 226 105  97 100 139 223 216
 230 224 196  78  89  87 183 221 221 226 107  90  89 130 221 212
 223 223 207  81  87  86 181 218 217 219 106  87  86 133 218 209
 217 218 196  77  84  84 169 215 214 219 161 147 140 144 164 162
 215 213 188  73  81  81 172 213 213 212 209 208 202 187  84  80
 211 210 185  70  81  82 171 210 210 211 211 209 211 187  77  75
 208 210 184  71  79  79 165 206 208 208 208 208 205 175  67  75
 208 208 196  71  78  77 171 205 206 206 206 206 203 182  64  73
 206 206 187  73  79  79 166 202 202 202 202 201 201 181  65  70
 197 200 177  68  73  77 156 199 199 199 200 198 200 178  68  67
 242 242 241 240 238 234 169  93  89  84 235 235 233 232 231 229
 239 241 239 239 237 233 164  85  83  88 225 233 232 231 229 227
 237 239 238 238 236 232 157  82  83  92 223 231 230 229 227 224
 236 238 236 235 233 230 158  84  84  93 223 228 227 225 224 223
 233 235 232 231 229 226 154  86  85  87 221 223 223 222 220 219
 229 233 227 209 205 203 158 113 110 104 197 201 203 208 218 218
 228 230 206  98  95  92 173 220 219 223 101  93  93 131 216 216
 225 227 200  82  81  79 177 221 221 222  99  82  79 120 211 212
 222 223 206  80  83  78 173 218 217 216 101  82  79 125 210 209
 219 218 195  76  78  76 162 215 214 213 150 136 131 142 169 168
 218 214 188  73  73  73 166 213 213 212 210 209 208 188  77  73
 212 214 189  74  73  74 165 210 210 211 211 209 207 182  72  67
 211 210 181  68  72  70 157 206 208 208 208 208 205 175  67  67
 210 206 191  66  70  65 159 205 206 206 206 206 203 182  64  65
 201 201 182  68  68  64 148 202 202 202 202 201 200 179  64  63
 197 198 172  63  65  67 146 199 199 199 200 198 198 173  63  62
 242 242 241 240 238 234 165  84  80  82 235 235 233 232 231 229
 239 241 239 239 237 233 165  87  85  89 225 233 232 231 229 227
 237 239 238 238 236 232 158  84  85  93 223 231 230 229 227 224
 236 238 236 235 233 230 158  86  85  93 223 228 227 225 224 223
 233 235 232 231 229 226 154  86  85  87 221 223 223 222 220 219
 229 226 220 203 203 202 158 114 111 105 197 201 203 208 218 218
 228 221 197  90  95  92 173 220 219 223 101  93  95 134 219 216
 225 219 191  73  81  79 177 221 221 222  99  82  84 126 217 212
 222 216 197  71  73  79 179 218 217 216 101  82  79 125 210 209
 214 213 191  72  73  77 165 215 214 213 151 137 131 142 167 166
 210 211 188  73  73  73 166 213 213 212 209 208 206 187  78  73
 210 206 180  65  73  74 165 210 210 211 211 209 207 182  72  67
 204 205 179  66  70  75 165 206 208 208 208 208 205 175  67  67
 203 203 191  66  68  72 171 205 206 206 206 206 203 182  64  65
 201 199 182  68  68  71 164 202 202 202 202 201 200 179  64  63
 197 196 172  63  69  73 152 199 199 199 200 198 198 173  63  62

 229 227 224 223 219 218 216 212 209 162  80  75  75  73  70  67
 235 233 228 224 220 223 223 221 218 164  84  77  67  64  65  68
 237 236 230 225 222 213 139 130 133 144 187 187 175 182 181 178
 238 237 231 227 223 207 100  89  86 140 202 211 205 203 201 200
 243 241 237 234 231 203  97  90  87 147 208 209 208 206 201 198
 243 233 229 229 229 199 105 107 106 161 209 211 208 206 202 200
  91  98 100 100  95 113 226 226 219 219 212 211 208 206 202 199
  93  97  97  96  93 125 221 221 217 214 213 210 208 206 202 199
  97  99  96  97  94 128 223 221 218 215 213 210 206 205 202 199
 174 171 164 164 158 162 179 183 181 169 172 171 165 171 166 156
 239 233 232 230 226 198  99  87  86  84  81  82  79  77  79  77
 243 237 236 233 229 199 101  89  87  84  81  81  79  78  79  73
 242 239 238 235 231 205  95  78  81  77  73  70  71  71  73  68
 241 239 238 236 232 224 202 196 207 196 188 185 184 196 187 177
 242 241 239 238 235 230 226 224 223 218 213 210 210 208 206 200
 246 244 242 241 238 234 233 230 223 217 215 211 208 208 206 197
 229 227 224 223 219 218 216 212 209 168  73  67  67  65  63  62
 231 229 227 224 220 218 216 211 210 169  77  72  67  64  64  63
 232 231 229 225 222 208 131 120 125 142 188 182 175 182 179 173
 233 232 230 227 223 203  93  79  79 131 208 207 205 203 200 198
 235 233 231 228 223 201  93  82  82 136 209 209 208 206 201 198
 235 225 223 223 221 197 101  99 101 150 210 211 208 206 202 200
  84  88  92  93  87 104 223 222 216 213 212 211 208 206 202 199
  89  83  83  84  85 110 219 221 217 214 213 210 208 206 202 199
  93  85  82  84  86 113 220 221 218 215 213 210 206 205 202 199
 169 164 157 158 154 158 173 177 173 162 166 165 157 159 148 146
 234 233 232 230 226 203  92  79  78  76  73  74  70  65  64  67
 238 237 236 233 229 205  95  81  83  78  73  73  72  70  68  65
 240 239 238 235 231 209  98  82  80  76  73  74  68  66  68  63
 241 239 238 236 232 227 206 200 206 195 188 189 181 191 182 172
 242 241 239 238 235 233 230 227 223 218 214 214 210 206 201 198
 242 239 237 236 233 229 228 225 222 219 218 212 211 210 201 197
 229 227 224 223 219 218 216 212 209 166  73  67  67  65  63  62
 231 229 227 224 220 218 219 217 210 167  78  72  67  64  64  63
 232 231 229 225 222 208 134 126 125 142 187 182 175 182 179 173
 233 232 230 227 223 203  95  84  79 131 206 207 205 203 200 198
 235 233 231 228 223 201  93  82  82 137 208 209 208 206 201 198
 235 225 223 223 221 197 101  99 101 151 209 211 208 206 202 200
  82  89  93  93  87 105 223 222 216 213 212 211 208 206 202 199
  80  85  85  85  85 111 219 221 217 214 213 210 208 206 202 199
  84  87  84  86  86 114 220 221 218 215 213 210 206 205 202 199
 165 165 158 158 154 158 173 177 179 165 166 165 165 171 164 152
 234 233 232 230 226 202  92  79  79  77  73  74  75  72  71  73
 238 237 236 233 229 203  95  81  73  73  73  73  70  68  68  69
 240 239 238 235 231 203  90  73  71  72  73  65  66  66  68  63
 241 239 238 236 232 220 197 191 197 191 188 180 179 191 182 172
 242 241 239 238 235 226 221 219 216 213 211 206 205 203 199 196
 242 239 237 236 233 229 228 225 222 214 210 210 204 203 201 197

  67  68 178 200 198 200 199 199 199 156  77  73  68 177 200 197
  70  65 181 201 201 202 202 202 202 166  79  79  73 187 206 206
  73  64 182 203 206 206 206 206 205 171  77  78  71 196 208 208
  75  67 175 205 208 208 208 208 206 165  79  79  71 184 210 208
  75  77 187 211 209 211 211 210 210 171  82  81  70 185 210 211
  80  84 187 202 208 209 212 213 213 172  81  81  73 188 213 215
 162 164 144 140 147 161 219 214 215 169  84  84  77 196 218 217
 209 218 133  86  87 106 219 217 218 181  86  87  81 207 223 223
 212 221 130  89  90 107 226 221 221 183  87  89  78 196 224 230
 216 223 139 100  97 105 226 221 223 179  99 101  95 202 226 233
 218 223 213 207 203 199 113 125 128 162 198 199 205 224 230 234
 219 220 222 223 231 229  95  93  94 158 226 229 231 232 235 238
 223 224 225 227 234 229 100  96  97 164 230 233 235 236 238 241
 224 228 230 231 237 229 100  97  96 164 232 236 238 238 239 242
 227 233 236 237 241 233  98  97  99 171 233 237 239 239 241 244
 229 235 237 238 243 243  91  93  97 174 239 243 242 241 242 246
  62  63 173 198 198 200 199 199 199 146  67  65  63 172 198 197
  63  64 179 200 201 202 202 202 202 148  64  68  68 182 201 201
  65  64 182 203 206 206 206 206 205 159  65  70  66 191 206 210
  67  67 175 205 208 208 208 208 206 157  70  72  68 181 210 211
  67  72 182 207 209 211 211 210 210 165  74  73  74 189 214 212
  73  77 188 208 209 210 212 213 213 166  73  73  73 188 214 218
 168 169 142 131 136 150 213 214 215 162  76  78  76 195 218 219
 209 210 125  79  82 101 216 217 218 173  78  83  80 206 223 222
 212 211 120  79  82  99 222 221 221 177  79  81  82 200 227 225
 216 216 131  93  93 101 223 219 220 173  92  95  98 206 230 228
 218 218 208 203 201 197 104 110 113 158 203 205 209 227 233 229
 219 220 222 223 223 221  87  85  86 154 226 229 231 232 235 233
 223 224 225 227 228 223  93  84  84 158 230 233 235 236 238 236
 224 227 229 230 231 223  92  83  82 157 232 236 238 238 239 237
 227 229 231 232 233 225  88  83  85 164 233 237 239 239 241 239
 229 231 232 233 235 235  84  89  93 169 234 238 240 241 242 242
  62  63 173 198 198 200 199 199 199 152  73  69  63 172 196 197
  63  64 179 200 201 202 202 202 202 164  71  68  68 182 199 201
  65  64 182 203 206 206 206 206 205 171  72  68  66 191 203 203
  67  67 175 205 208 208 208 208 206 165  75  70  66 179 205 204
  67  72 182 207 209 211 211 210 210 165  74  73  65 180 206 210
  73  78 187 206 208 209 212 213 213 166  73  73  73 188 211 210
 166 167 142 131 137 151 213 214 215 165  77  73  72 191 213 214
 209 210 125  79  82 101 216 217 218 179  79  73  71 197 216 222
 212 217 126  84  82  99 222 221 221 177  79  81  73 191 219 225
 216 219 134  95  93 101 223 219 220 173  92  95  90 197 221 228
 218 218 208 203 201 197 105 111 114 158 202 203 203 220 226 229
 219 220 222 223 223 221  87  85  86 154 226 229 231 232 235 233
 223 224 225 227 228 223  93  85  86 158 230 233 235 236 238 236
 224 227 229 230 231 223  93  85  84 158 232 236 238 238 239 237
 227 229 231 232 233 225  89  85  87 165 233 237 239 239 241 239
 229 231 232 233 235 235  82  80  84 165 234 238 240 241 242 242

 197 206 208 208 211 215 217 223 230 233 234 238 241 242 244 246
 200 206 208 210 210 213 218 223 224 226 230 235 238 239 241 242
 177 187 196 184 185 188 196 207 196 202 224 232 236 238 239 241
  68  73  71  71  70  73  77  81  78  95 205 231 235 238 239 242
  73  79  78  79  81  81  84  87  89 101 199 229 233 236 237 243
  77  79  77  79  82  81  84  86  87  99 198 226 230 232 233 239
 156 166 171 165 171 172 169 181 183 179 162 158 164 164 171 174
 199 202 205 206 210 213 215 218 221 223 128  94  97  96  99  97
 199 202 206 208 210 213 214 217 221 221 125  93  96  97  97  93
 199 202 206 208 211 212 219 219 226 226 113  95 100 100  98  91
 200 202 206 208 211 209 161 106 107 105 199 229 229 229 233 243
 198 201 206 208 209 208 147  87  90  97 203 231 234 237 241 243
 200 201 203 205 211 202 140  86  89 100 207 223 227 231 237 238
 178 181 182 175 187 187 144 133 130 139 213 222 225 230 236 237
  68  65  64  67  77  84 164 218 221 223 223 220 224 228 233 235
  67  70  73  75  75  80 162 209 212 216 218 219 223 224 227 229
 197 201 210 211 212 218 219 222 225 228 229 233 236 237 239 242
 198 201 206 210 214 214 218 223 227 230 233 235 238 239 241 242
 172 182 191 181 189 188 195 206 200 206 227 232 236 238 239 241
  63  68  66  68  74  73  76  80  82  98 209 231 235 238 239 240
  65  68  70  72  73  73  78  83  81  95 205 229 233 236 237 238
  67  64  65  70  74  73  76  78  79  92 203 226 230 232 233 234
 146 148 159 157 165 166 162 173 177 173 158 154 158 157 164 169
 199 202 205 206 210 213 215 218 221 220 113  86  84  82  85  93
 199 202 206 208 210 213 214 217 221 219 110  85  84  83  83  89
 199 202 206 208 211 212 213 216 222 223 104  87  93  92  88  84
 200 202 206 208 211 210 150 101  99 101 197 221 223 223 225 235
 198 201 206 208 209 209 136  82  82  93 201 223 228 231 233 235
 198 200 203 205 207 208 131  79  79  93 203 223 227 230 232 233
 173 179 182 175 182 188 142 125 120 131 208 222 225 229 231 232
  63  64  64  67  72  77 169 210 211 216 218 220 224 227 229 231
  62  63  65  67  67  73 168 209 212 216 218 219 223 224 227 229
 197 201 203 204 210 210 214 222 225 228 229 233 236 237 239 242
 196 199 203 205 206 211 213 216 219 221 226 235 238 239 241 242
 172 182 191 179 180 188 191 197 191 197 220 232 236 238 239 241
  63  68  66  66  65  73  72  71  73  90 203 231 235 238 239 240
  69  68  68  70  73  73  73  73  81  95 203 229 233 236 237 238
  73  71  72  75  74  73  77  79  79  92 202 226 230 232 233 234
 152 164 171 165 165 166 165 179 177 173 158 154 158 158 165 165
 199 202 205 206 210 213 215 218 221 220 114  86  86  84  87  84
 199 202 206 208 210 213 214 217 221 219 111  85  85  85  85  80
 199 202 206 208 211 212 213 216 222 223 105  87  93  93  89  82
 200 202 206 208 211 209 151 101  99 101 197 221 223 223 225 235
 198 201 206 208 209 208 137  82  82  93 201 223 228 231 233 235
 198 200 203 205 207 206 131  79  84  95 203 223 227 230 232 233
 173 179 182 175 182 187 142 125 126 134 208 222 225 229 231 232
  63  64  64  67  72  78 167 210 217 219 218 220 224 227 229 231
  62  63  65  67  67  73 166 209 212 216 218 219 223 224 227 229

