 147 150 150 151 150 151  96  80  84  88 156 155 158 158 158 159
 147 154 154 154 152 154  92  82  85  93 159 157 159 159 159 159
 148 153 152 152 152 155  91  84  86  99 160 157 158 159 159 159
 151 151 151 151 151 155 100  85  87 102 161 157 158 159 160 160
 151 150 151 150 152 154 101  86  87  94 158 156 158 159 160 160
 151 151 150 149 150 152  98  88  88  99 157 156 158 159 159 159
 152 155 130 115 115 115 138 138 138 135 114 116 111 137 159 159
 153 154 124  84  84  89 151 155 156 143  88  91  91 136 159 159
 153 153 126  82  86  82 144 156 156 148  87  91  92 140 160 161
 153 153 124  93  98  93 148 156 157 155 101 102 103 131 160 160
 151 153 154 152 152 148 155 156 156 158 157 156 155 156 159 160
 151 153 156 156 157 156 155 158 158 158 159 159 159 159 159 160
 151 154 156 156 157 157 157 160 160 160 160 160 160 160 160 160
 152 154 154 155 155 156 157 159 159 160 160 160 160 161 161 160
 153 154 153 153 154 156 157 158 159 160 160 160 160 162 161 159
 152 152 153 153 153 155 155 156 156 157 158 159 159 159 159 159
 129 133 133 134 133 135  80  64  65  68 137 135 139 139 139 140
 129 135 135 135 134 138  76  66  65  72 138 136 140 140 140 140
 129 135 135 135 134 137  73  66  67  80 140 137 139 140 140 140
 130 135 135 135 134 136  81  66  68  83 142 138 139 140 141 141
 131 134 135 134 135 135  82  67  68  75 139 137 139 140 141 141
 132 135 134 133 133 133  79  69  69  80 138 137 139 140 140 140
 132 136 112  97  96  95 117 117 117 114  93  95  91 118 140 140
 132 134 105  65  65  68 130 134 135 122  67  70  71 116 139 140
 133 134 107  63  67  63 125 137 137 127  66  70  71 119 139 140
 134 134 105  74  79  75 130 137 139 135  81  82  83 111 140 140
 135 135 135 133 133 132 139 140 139 139 138 137 136 137 140 141
 134 136 137 137 138 139 138 140 140 139 140 140 140 140 140 141
 133 135 137 137 138 138 138 141 141 141 141 141 141 141 141 141
 132 135 137 137 138 138 138 140 140 141 141 141 141 142 142 141
 132 135 137 137 138 138 138 139 140 141 141 141 141 143 142 140
 132 133 134 135 135 136 136 137 137 138 139 140 140 140 140 140
 136 135 135 136 135 137  82  66  72  76 145 143 141 141 141 142
 137 137 137 137 136 140  78  68  71  80 146 144 142 142 142 142
 137 137 137 137 136 139  75  68  70  84 144 141 141 142 142 142
 138 137 137 137 136 138  83  68  70  85 144 140 141 142 143 143
 136 136 137 136 137 137  84  69  70  77 141 139 141 142 143 143
 134 137 136 135 135 135  81  71  71  82 140 139 141 142 142 142
 138 139 114  99  98  97 119 119 119 116  95  97  93 120 142 142
 140 138 107  67  67  70 132 136 137 124  69  72  73 118 141 142
 137 137 109  65  69  65 127 139 139 129  68  72  73 121 141 142
 136 136 107  76  81  77 132 139 141 137  83  84  85 113 142 142
 137 137 137 135 135 134 141 142 141 141 140 139 138 139 142 143
 138 138 139 139 140 141 140 142 142 141 142 142 142 142 142 143
 141 140 139 139 140 140 140 143 143 143 143 143 143 143 143 143
 140 140 139 139 140 140 140 142 142 143 143 143 143 144 144 143
 140 140 139 139 140 140 140 141 142 143 143 143 143 145 144 142
 137 136 136 137 137 138 138 139 139 140 141 142 142 142 142 142

 159 159 159 160 160 159 159 159 161 160 160 160 160 160 159 159
 158 159 159 160 160 159 159 159 160 160 159 159 160 161 161 159
 158 159 159 159 159 159 137 136 140 131 156 159 160 161 162 159
 158 159 158 158 158 158 111  91  92 103 155 159 160 160 160 159
 155 157 157 157 156 156 116  91  91 102 156 159 160 160 160 159
 156 159 160 161 158 157 114  88  87 101 157 159 160 160 160 158
  88  93  99 102  94  99 135 143 148 155 158 158 160 160 160 157
  84  85  86  87  87  88 138 156 156 157 156 158 160 159 159 156
  80  82  84  85  86  88 138 155 156 156 156 158 160 159 158 156
  96  92  91 100 101  98 138 151 144 148 155 155 157 157 157 155
 151 154 155 155 154 152 115  89  82  93 148 156 157 156 156 155
 150 152 152 151 152 150 115  84  86  98 152 157 157 155 154 153
 151 154 152 151 150 149 115  84  82  93 152 156 156 155 153 153
 150 154 152 151 151 150 130 124 126 124 154 156 156 154 153 153
 150 154 153 151 150 151 155 154 153 153 153 153 154 154 154 152
 147 147 148 151 151 151 152 153 153 153 151 151 151 152 153 152
 140 140 140 141 141 140 140 140 140 140 141 141 141 141 140 140
 139 140 140 141 141 140 140 139 139 140 140 140 141 142 142 140
 139 140 140 140 140 140 118 116 119 111 137 140 141 142 143 140
 139 140 139 139 139 139  91  71  71  83 136 140 141 141 141 140
 135 136 137 138 137 137  95  70  70  82 137 140 141 141 141 140
 137 138 140 142 139 138  93  67  66  81 138 140 141 141 141 139
  68  72  80  83  75  80 114 122 127 135 139 139 141 141 141 138
  65  65  67  68  68  69 117 135 137 139 139 140 141 140 140 137
  64  66  66  66  67  69 117 134 137 137 140 140 141 140 139 137
  80  76  73  81  82  79 117 130 125 130 139 138 138 138 138 136
 135 138 137 136 135 133  95  68  63  75 132 139 138 138 138 136
 133 134 134 134 135 133  96  65  67  79 133 138 138 138 138 135
 134 135 135 135 134 133  97  65  63  74 133 137 137 137 137 135
 133 135 135 135 135 134 112 105 107 105 135 137 137 137 137 134
 133 135 135 135 134 135 136 134 134 134 135 136 135 135 135 133
 129 129 129 130 131 132 132 132 133 134 135 134 133 132 132 132
 142 142 142 143 143 142 142 142 142 142 143 143 143 143 142 142
 141 142 142 143 143 142 142 141 141 142 142 142 143 144 144 142
 141 142 142 142 142 142 120 118 121 113 139 142 143 144 145 142
 141 142 141 141 141 141  93  73  73  85 138 142 143 143 143 142
 143 144 141 140 139 139  97  72  72  84 139 142 143 143 143 142
 145 146 144 144 141 140  95  69  68  83 140 142 143 143 143 141
  76  80  84  85  77  82 116 124 129 137 141 141 143 143 143 140
  72  71  70  70  70  71 119 137 139 141 141 142 143 142 142 139
  66  68  68  68  69  71 119 136 139 139 142 142 143 142 141 139
  82  78  75  83  84  81 119 132 127 132 141 140 140 140 140 138
 137 140 139 138 137 135  97  70  65  77 134 141 140 140 140 138
 135 136 136 136 137 135  98  67  69  81 135 140 140 140 140 137
 136 137 137 137 136 135  99  67  65  76 135 139 139 139 139 137
 135 137 137 137 137 136 114 107 109 107 137 139 139 139 139 136
 135 137 137 137 136 137 139 138 137 136 137 138 140 140 140 136
 136 137 137 138 136 134 138 140 137 136 137 138 141 140 140 137

 159 159 159 159 159 158 157 156 156 155 155 153 153 153 152 152
 159 161 162 160 160 160 160 159 158 157 156 154 153 153 154 153
 160 161 161 160 160 160 160 159 159 157 156 155 155 154 154 152
 160 160 160 160 160 160 160 160 160 157 157 157 156 156 154 151
 160 159 159 159 159 159 158 158 158 155 156 157 156 156 153 151
 160 159 156 155 156 157 158 156 156 155 148 152 152 154 153 151
 160 160 131 103 102 101 155 157 156 148  93  98  93 124 153 153
 161 160 140  92  91  87 148 156 156 144  82  86  82 126 153 153
 159 159 136  91  91  88 143 156 155 151  89  84  84 124 154 153
 159 159 137 111 116 114 135 138 138 138 115 115 115 130 155 152
 159 159 159 158 156 157  99  88  88  98 152 150 149 150 151 151
 160 160 159 158 156 158  94  87  86 101 154 152 150 151 150 151
 160 160 159 158 157 161 102  87  85 100 155 151 151 151 151 151
 159 159 159 158 157 160  99  86  84  91 155 152 152 152 153 148
 159 159 159 159 157 159  93  85  82  92 154 152 154 154 154 147
 159 158 158 158 155 156  88  84  80  96 151 150 151 150 150 147
 140 140 140 140 140 139 138 137 137 136 136 135 135 134 133 132
 140 142 143 141 141 141 141 140 139 138 138 138 137 137 135 132
 141 142 142 141 141 141 141 140 140 138 138 138 137 137 135 132
 141 141 141 141 141 141 141 141 141 138 138 138 137 137 135 133
 141 140 140 140 140 140 139 140 140 138 139 138 137 137 136 134
 141 140 137 136 137 138 139 139 140 139 132 133 133 135 135 135
 140 140 111  83  82  81 135 139 137 130  75  79  74 105 134 134
 140 139 119  71  70  66 127 137 137 125  63  67  63 107 134 133
 140 139 116  71  70  67 122 135 134 130  68  65  65 105 134 132
 140 140 118  91  95  93 114 117 117 117  95  96  97 112 136 132
 140 140 140 139 137 138  80  69  69  79 133 133 133 134 135 132
 141 141 140 139 137 139  75  68  67  82 135 135 134 135 134 131
 141 141 140 139 138 142  83  68  66  81 136 134 135 135 135 130
 140 140 140 139 137 140  80  67  66  73 137 134 135 135 135 129
 140 140 140 140 136 138  72  65  66  76 138 134 135 135 135 129
 140 139 139 139 135 137  68  65  64  80 135 133 134 133 133 129
 142 142 142 142 142 141 140 139 139 138 138 137 137 136 136 137
 142 144 145 143 143 143 143 142 141 140 140 140 139 139 140 140
 143 144 144 143 143 143 143 142 142 140 140 140 139 139 140 140
 143 143 143 143 143 143 143 143 143 140 140 140 139 139 140 141
 143 142 142 142 142 142 141 142 142 140 141 140 139 139 138 138
 143 142 139 138 139 140 141 141 142 141 134 135 135 137 137 137
 142 142 113  85  84  83 137 141 139 132  77  81  76 107 136 136
 142 141 121  73  72  68 129 139 139 127  65  69  65 109 137 137
 142 141 118  73  72  69 124 137 136 132  70  67  67 107 138 140
 142 142 120  93  97  95 116 119 119 119  97  98  99 114 139 138
 142 142 142 141 139 140  82  71  71  81 135 135 135 136 137 134
 143 143 142 141 139 141  77  70  69  84 137 137 136 137 136 136
 143 143 142 141 140 144  85  70  68  83 138 136 137 137 137 138
 142 142 142 141 141 144  84  70  68  75 139 136 137 137 137 137
 142 142 142 142 144 146  80  71  68  78 140 136 137 137 137 137
 142 141 141 141 143 145  76  72  66  82 137 135 136 135 135 136

 152 153 152 151 151 151 153 153 153 152 151 151 151 148 147 147
 152 154 154 154 153 153 153 153 154 155 151 150 151 153 154 150
 153 153 154 156 156 154 124 126 124 130 150 151 151 152 154 150
 153 153 155 156 156 152  93  82  84 115 149 150 151 152 154 151
 153 154 155 157 157 152  98  86  84 115 150 152 151 152 152 150
 155 156 156 157 156 148  93  82  89 115 152 154 155 155 154 151
 155 157 157 157 155 155 148 144 151 138  98 101 100  91  92  96
 156 158 159 160 158 156 156 156 155 138  88  86  85  84  82  80
 156 159 159 160 158 156 157 156 156 138  88  87  87  86  85  84
 157 160 160 160 158 158 155 148 143 135  99  94 102  99  93  88
 158 160 160 160 159 157 101  87  88 114 157 158 161 160 159 156
 159 160 160 160 159 156 102  91  91 116 156 156 157 157 157 155
 159 160 160 160 159 155 103  92  91 111 158 158 158 158 159 158
 159 162 161 160 159 156 131 140 136 137 159 159 159 159 159 158
 159 161 161 160 159 159 160 160 159 159 159 160 160 159 159 158
 159 159 160 160 160 160 160 161 159 159 159 160 160 159 159 159
 132 132 132 133 134 135 134 133 132 132 132 131 130 129 129 129
 133 135 135 135 136 135 134 134 134 136 135 134 135 135 135 133
 134 137 137 137 137 135 105 107 105 112 134 135 135 135 135 133
 135 137 137 137 137 133  74  63  65  97 133 134 135 135 135 134
 135 138 138 138 138 133  79  67  65  96 133 135 134 134 134 133
 136 138 138 138 139 132  75  63  68  95 133 135 136 137 138 135
 136 138 138 138 138 139 130 125 130 117  79  82  81  73  76  80
 137 139 140 141 140 140 137 137 134 117  69  67  66  66  66  64
 137 140 140 141 140 139 139 137 135 117  69  68  68  67  65  65
 138 141 141 141 139 139 135 127 122 114  80  75  83  80  72  68
 139 141 141 141 140 138  81  66  67  93 138 139 142 140 138 137
 140 141 141 141 140 137  82  70  70  95 137 137 138 137 136 135
 140 141 141 141 140 136  83  71  71  91 139 139 139 139 140 139
 140 143 142 141 140 137 111 119 116 118 140 140 140 140 140 139
 140 142 142 141 140 140 140 139 139 140 140 141 141 140 140 139
 140 140 141 141 141 141 140 140 140 140 140 141 141 140 140 140
 137 140 140 141 138 137 136 137 140 138 134 136 138 137 137 136
 136 140 140 140 138 137 136 137 138 139 137 136 137 137 137 135
 136 139 139 139 139 137 107 109 107 114 136 137 137 137 137 135
 137 139 139 139 139 135  76  65  67  99 135 136 137 137 137 136
 137 140 140 140 140 135  81  69  67  98 135 137 136 136 136 135
 138 140 140 140 141 134  77  65  70  97 135 137 138 139 140 137
 138 140 140 140 140 141 132 127 132 119  81  84  83  75  78  82
 139 141 142 143 142 142 139 139 136 119  71  69  68  68  68  66
 139 142 142 143 142 141 141 139 137 119  71  70  70  70  71  72
 140 143 143 143 141 141 137 129 124 116  82  77  85  84  80  76
 141 143 143 143 142 140  83  68  69  95 140 141 144 144 146 145
 142 143 143 143 142 139  84  72  72  97 139 139 140 141 144 143
 142 143 143 143 142 138  85  73  73  93 141 141 141 141 142 141
 142 145 144 143 142 139 113 121 118 120 142 142 142 142 142 141
 142 144 144 143 142 142 142 141 141 142 142 143 143 142 142 141
 142 142 143 143 143 143 142 142 142 142 142 143 143 142 142 142

