 204 205 206 206 206 203 145  95  95 108 205 204 203 205 207 207
 205 207 209 209 210 208 130  98  98 108 207 208 208 209 210 209
 207 209 210 210 213 211 133 100  99 106 213 209 210 211 211 210
 208 205 205 207 211 208 139 102 104 102 215 209 208 208 211 211
 211 209 209 210 212 210 144 106 104 103 216 210 210 211 209 208
 211 211 209 208 207 207 146 111 111 114 212 207 207 210 209 207
 210 211 188 122 124 122 174 195 195 193 129 125 126 160 209 206
 210 213 180 102 101 102 183 212 213 210 112 102 101 146 208 206
 210 213 167 103 100 102 187 213 213 211 104 100  98 151 205 205
 207 210 177 128 128 129 191 211 211 209 124 126 124 153 185 184
 205 206 205 205 208 209 208 209 209 209 206 205 204 173  99  96
 205 208 208 208 208 209 209 210 211 211 209 208 205 171  97  93
 201 203 204 208 212 211 207 209 209 209 208 207 205 169 100  97
 146 144 143 143 143 144 194 208 208 209 155 150 151 151 156 155
  86  91  91  89  87  90 185 206 208 212 100  89  90 149 205 205
  82  84  84  83  82  85 180 204 208 217  83  87  88 153 205 205
 194 198 199 199 199 196 137  86  86  99 196 197 201 203 202 201
 196 199 201 201 201 199 123  90  88  99 198 200 202 204 203 202
 198 200 201 201 203 201 129  94  89  97 204 201 202 204 204 203
 199 202 203 204 204 201 131  90  88  93 206 202 204 204 204 202
 199 202 202 202 201 200 135  93  88  93 205 201 202 204 204 203
 199 203 201 200 197 198 135  99  97 105 203 198 198 201 203 203
 199 203 180 114 115 114 163 183 185 185 122 117 116 149 203 202
 199 203 170  91  89  90 170 201 204 202 104  93  88 130 201 202
 199 202 158  94  90  91 174 202 205 204  97  93  88 138 201 201
 199 202 171 121 118 120 182 203 205 204 118 121 119 146 182 181
 199 202 201 199 200 201 203 205 205 205 202 202 201 171  95  92
 199 204 204 204 204 205 205 206 207 207 205 204 203 173  87  83
 198 201 202 204 205 204 203 205 206 207 206 205 205 169  87  84
 142 143 142 142 142 143 190 204 205 207 153 148 149 149 155 154
  77  78  78  79  79  82 180 202 204 208  97  85  85 143 201 201
  72  76  76  75  75  78 172 198 203 209  75  82  80 140 201 201
 209 208 208 208 208 205 144  91  91 114 211 211 210 212 211 210
 209 210 212 212 210 208 123  91  94 114 213 214 213 215 213 211
 211 212 214 213 212 210 121  90  96 112 219 215 215 217 214 213
 212 211 212 213 213 210 125  89  98 108 221 216 217 217 217 215
 217 214 214 214 213 212 131  93  97 112 224 217 215 217 217 216
 219 214 212 211 208 209 139 105 108 119 218 212 211 214 216 216
 219 212 188 124 125 124 178 198 196 192 129 127 130 165 217 215
 219 209 176 100 102 103 194 220 213 202 104  98 104 156 218 215
 219 213 161  98 100 101 197 222 215 208 102  99 102 162 214 214
 219 215 179 129 130 132 201 221 217 213 128 129 130 162 193 192
 219 215 214 213 214 216 218 219 219 218 215 213 210 178 103 100
 220 217 217 217 217 218 218 219 220 220 218 218 210 169  93  89
 209 210 211 213 214 213 218 219 219 217 216 211 206 168  93  90
 152 151 150 151 152 153 205 219 218 214 160 156 156 156 169 168
  85  86  86  88  90  93 198 217 215 213 101  95  99 160 214 214
  77  76  76  78  81  84 200 216 210 209  75  81  91 165 214 214

 207 209 210 211 208 207 206 206 205 184  96  93  97 155 205 205
 207 210 211 211 209 209 209 208 205 185  99  97 100 156 205 205
 205 209 211 208 211 210 160 146 151 153 173 171 169 151 149 153
 203 208 210 208 210 207 126 101  98 124 204 205 205 151  90  88
 204 208 209 209 210 207 125 102 100 126 205 208 207 150  89  87
 205 207 213 215 216 212 129 112 104 124 206 209 208 155 100  83
 108 108 106 102 103 114 193 210 211 209 209 211 209 209 212 217
  95  98  99 104 104 111 195 213 213 211 209 211 209 208 208 208
  95  98 100 102 106 111 195 212 213 211 209 210 209 208 206 204
 145 130 133 139 144 146 174 183 187 191 208 209 207 194 185 180
 203 208 211 208 210 207 122 102 102 129 209 209 211 144  90  85
 206 210 213 211 212 207 124 101 100 128 208 208 212 143  87  82
 206 209 210 207 210 208 122 102 103 128 205 208 208 143  89  83
 206 209 210 205 209 209 188 180 167 177 205 208 204 143  91  84
 205 207 209 205 209 211 211 213 213 210 206 208 203 144  91  84
 204 205 207 208 211 211 210 210 210 207 205 205 201 146  86  82
 201 202 203 202 203 203 202 202 201 181  92  83  84 154 201 201
 202 203 204 204 204 203 203 201 201 182  95  87  87 155 201 201
 203 204 204 204 204 201 149 130 138 146 171 173 169 149 143 140
 201 202 202 204 202 198 116  88  88 119 201 203 205 149  85  80
 197 200 201 202 201 198 117  93  93 121 202 204 205 148  85  82
 196 198 204 206 205 203 122 104  97 118 202 205 206 153  97  75
  99  99  97  93  93 105 185 202 204 204 205 207 207 207 208 209
  86  88  89  88  88  97 185 204 205 205 205 207 206 205 204 203
  86  90  94  90  93  99 183 201 202 203 205 206 205 204 202 198
 137 123 129 131 135 135 163 170 174 182 203 205 203 190 180 172
 196 199 201 201 200 198 114  90  91 120 201 205 204 143  82  78
 199 201 203 204 201 197 115  89  90 118 200 204 205 142  79  75
 199 201 201 204 202 200 114  91  94 121 199 204 204 142  79  75
 199 201 201 203 202 201 180 170 158 171 201 204 202 142  78  76
 198 199 200 202 202 203 203 203 202 202 202 204 201 143  78  76
 194 196 198 199 199 199 199 199 199 199 199 199 198 142  77  72
 210 211 213 215 216 216 215 215 214 192 100  89  90 168 214 214
 211 213 214 217 217 216 217 218 214 193 103  93  93 169 214 214
 212 215 217 217 217 214 165 156 162 162 178 169 168 156 160 165
 210 213 215 217 215 211 130 104 102 130 210 210 206 156  99  91
 211 214 215 216 217 212 127  98  99 129 213 218 211 156  95  81
 211 213 219 221 224 218 129 104 102 128 215 218 216 160 101  75
 114 114 112 108 112 119 192 202 208 213 218 220 217 214 213 209
  91  94  96  98  97 108 196 213 215 217 219 220 219 218 215 210
  91  91  90  89  93 105 198 220 222 221 219 219 219 219 217 216
 144 123 121 125 131 139 178 194 197 201 218 218 218 205 198 200
 205 208 210 210 212 209 124 103 101 132 216 218 213 153  93  84
 208 210 212 213 213 208 125 102 100 130 214 217 214 152  90  81
 208 212 213 213 214 211 124 100  98 129 213 217 213 151  88  78
 208 212 214 212 214 212 188 176 161 179 214 217 211 150  86  76
 208 210 212 211 214 214 212 209 213 215 215 217 210 151  86  76
 209 209 211 212 217 219 219 219 219 219 219 220 209 152  85  77

 205 205 153  88  87  83 217 208 204 180  85  82  83  84  84  82
 205 205 149  90  89 100 212 208 206 185  90  87  89  91  91  86
 155 156 151 151 150 155 209 208 208 194 144 143 143 143 144 146
  97 100 169 205 207 208 209 209 209 207 211 212 208 204 203 201
  93  97 171 205 208 209 211 211 210 209 209 208 208 208 208 205
  96  99 173 204 205 206 209 209 209 208 209 208 205 205 206 205
 184 185 153 124 126 124 209 211 211 191 129 128 128 177 210 207
 205 205 151  98 100 104 211 213 213 187 102 100 103 167 213 210
 206 208 146 101 102 112 210 213 212 183 102 101 102 180 213 210
 206 209 160 126 125 129 193 195 195 174 122 124 122 188 211 210
 207 209 210 207 207 212 114 111 111 146 207 207 208 209 211 211
 208 209 211 210 210 216 103 104 106 144 210 212 210 209 209 211
 211 211 208 208 209 215 102 104 102 139 208 211 207 205 205 208
 210 211 211 210 209 213 106  99 100 133 211 213 210 210 209 207
 209 210 209 208 208 207 108  98  98 130 208 210 209 209 207 205
 207 207 205 203 204 205 108  95  95 145 203 206 206 206 205 204
 201 201 140  80  82  75 209 203 198 172  78  75  75  76  76  72
 201 201 143  85  85  97 208 204 202 180  82  79  79  78  78  77
 154 155 149 149 148 153 207 205 204 190 143 142 142 142 143 142
  84  87 169 205 205 206 207 206 205 203 204 205 204 202 201 198
  83  87 173 203 204 205 207 207 206 205 205 204 204 204 204 199
  92  95 171 201 202 202 205 205 205 203 201 200 199 201 202 199
 181 182 146 119 121 118 204 205 203 182 120 118 121 171 202 199
 201 201 138  88  93  97 204 205 202 174  91  90  94 158 202 199
 202 201 130  88  93 104 202 204 201 170  90  89  91 170 203 199
 202 203 149 116 117 122 185 185 183 163 114 115 114 180 203 199
 203 203 201 198 198 203 105  97  99 135 198 197 200 201 203 199
 203 204 204 202 201 205  93  88  93 135 200 201 202 202 202 199
 202 204 204 204 202 206  93  88  90 131 201 204 204 203 202 199
 203 204 204 202 201 204  97  89  94 129 201 203 201 201 200 198
 202 203 204 202 200 198  99  88  90 123 199 201 201 201 199 196
 201 202 203 201 197 196  99  86  86 137 196 199 199 199 198 194
 214 214 165  91  81  75 209 210 216 200  84  81  78  76  76  77
 214 214 160  99  95 101 213 215 217 198  93  90  88  86  86  85
 168 169 156 156 156 160 214 218 219 205 153 152 151 150 151 152
  90  93 168 206 211 216 217 219 219 218 213 214 213 211 210 209
  89  93 169 210 218 218 220 220 219 218 218 217 217 217 217 220
 100 103 178 210 213 215 218 219 219 218 216 214 213 214 215 219
 192 193 162 130 129 128 213 217 221 201 132 130 129 179 215 219
 214 214 162 102  99 102 208 215 222 197 101 100  98 161 213 219
 215 218 156 104  98 104 202 213 220 194 103 102 100 176 209 219
 215 217 165 130 127 129 192 196 198 178 124 125 124 188 212 219
 216 216 214 211 212 218 119 108 105 139 209 208 211 212 214 219
 216 217 217 215 217 224 112  97  93 131 212 213 214 214 214 217
 215 217 217 217 216 221 108  98  89 125 210 213 213 212 211 212
 213 214 217 215 215 219 112  96  90 121 210 212 213 214 212 211
 211 213 215 213 214 213 114  94  91 123 208 210 212 212 210 209
 210 211 212 210 211 211 114  91  91 144 205 208 208 208 208 209

  82  86 146 201 205 205 207 210 210 210 211 211 208 207 205 204
  84  91 144 203 208 206 210 213 213 211 211 209 205 209 207 205
  84  91 143 204 208 205 177 167 180 188 209 209 205 210 209 206
  83  89 143 208 208 205 128 103 102 122 208 210 207 210 209 206
  82  87 143 212 208 208 128 100 101 124 207 212 211 213 210 206
  85  90 144 211 209 209 129 102 102 122 207 210 208 211 208 203
 180 185 194 207 209 208 191 187 183 174 146 144 139 133 130 145
 204 206 208 209 210 209 211 213 212 195 111 106 102 100  98  95
 208 208 208 209 211 209 211 213 213 195 111 104 104  99  98  95
 217 212 209 209 211 209 209 211 210 193 114 103 102 106 108 108
  83 100 155 208 209 206 124 104 112 129 212 216 215 213 207 205
  87  89 150 207 208 205 126 100 102 125 207 210 209 209 208 204
  88  90 151 205 205 204 124  98 101 126 207 210 208 210 208 203
 153 149 151 169 171 173 153 151 146 160 210 211 208 211 209 205
 205 205 156 100  97  99 185 205 208 209 209 209 211 211 210 207
 205 205 155  97  93  96 184 205 206 206 207 208 211 210 209 207
  72  77 142 198 199 199 199 199 199 199 199 199 199 198 196 194
  76  78 143 201 204 202 202 202 203 203 203 202 202 200 199 198
  76  78 142 202 204 201 171 158 170 180 201 202 203 201 201 199
  75  79 142 204 204 199 121  94  91 114 200 202 204 201 201 199
  75  79 142 205 204 200 118  90  89 115 197 201 204 203 201 199
  78  82 143 204 205 201 120  91  90 114 198 200 201 201 199 196
 172 180 190 203 205 203 182 174 170 163 135 135 131 129 123 137
 198 202 204 205 206 205 203 202 201 183  99  93  90  94  90  86
 203 204 205 206 207 205 205 205 204 185  97  88  88  89  88  86
 209 208 207 207 207 205 204 204 202 185 105  93  93  97  99  99
  75  97 153 206 205 202 118  97 104 122 203 205 206 204 198 196
  82  85 148 205 204 202 121  93  93 117 198 201 202 201 200 197
  80  85 149 205 203 201 119  88  88 116 198 202 204 202 202 201
 140 143 149 169 173 171 146 138 130 149 201 204 204 204 204 203
 201 201 155  87  87  95 182 201 201 203 203 204 204 204 203 202
 201 201 154  84  83  92 181 201 202 202 203 203 202 203 202 201
  77  85 152 209 220 219 219 219 219 219 219 217 212 211 209 209
  76  86 151 210 217 215 215 213 209 212 214 214 211 212 210 208
  76  86 150 211 217 214 179 161 176 188 212 214 212 214 212 208
  78  88 151 213 217 213 129  98 100 124 211 214 213 213 212 208
  81  90 152 214 217 214 130 100 102 125 208 213 213 212 210 208
  84  93 153 213 218 216 132 101 103 124 209 212 210 210 208 205
 200 198 205 218 218 218 201 197 194 178 139 131 125 121 123 144
 216 217 219 219 219 219 221 222 220 198 105  93  89  90  91  91
 210 215 218 219 220 219 217 215 213 196 108  97  98  96  94  91
 209 213 214 217 220 218 213 208 202 192 119 112 108 112 114 114
  75 101 160 216 218 215 128 102 104 129 218 224 221 219 213 211
  81  95 156 211 218 213 129  99  98 127 212 217 216 215 214 211
  91  99 156 206 210 210 130 102 104 130 211 215 217 215 213 210
 165 160 156 168 169 178 162 162 156 165 214 217 217 217 215 212
 214 214 169  93  93 103 193 214 218 217 216 217 217 214 213 211
 214 214 168  90  89 100 192 214 215 215 216 216 215 213 211 210

