 220 224 226 228 230 231 116  89  94 135 239 231 232 233 233 234
 220 224 227 229 231 229 122  86  90 138 238 235 236 237 236 236
 218 224 227 229 231 231 122  87  91 139 240 235 237 239 238 238
 221 224 228 232 233 233 122  86  88 136 240 238 238 238 237 238
 219 225 231 232 231 230 133  90  88 121 240 238 238 238 240 239
 216 222 227 230 230 231 122  94 101 124 239 231 236 238 239 239
 216 220 184 134 132 133 196 193 192 196 129 138 144 189 242 242
 216 216 162  90  90  96 211 231 233 224  84  94  98 172 244 242
 209 209 154  84  86  96 212 233 234 214  84  96 104 172 236 239
 184 186 136  83  81  86 209 231 232 222 120 132 135 177 213 213
  75  75  72  77  77  80 206 232 234 236 234 234 230 177  92 100
  68  77  81  74  78  85 206 230 233 235 236 234 232 165  91  89
  69  72  72  76  80  85 206 225 230 232 231 230 230 155  80  91
 146 150 154 163 163 167 214 223 225 223 149 150 151 175 185 188
 199 201 203 209 215 218 223 221 220 226  81  89  91 175 237 236
 193 197 201 207 211 212 215 218 219 220  72  79  87 171 235 233
 215 219 221 223 224 223 128  73  72 115 223 226 227 228 228 231
 215 219 222 224 226 224 132  74  74 114 223 228 229 230 234 233
 216 219 222 224 226 226 132  77  75 113 224 228 230 232 234 234
 215 219 223 225 225 226 133  76  76 109 224 230 232 233 235 235
 214 218 223 224 225 225 134  78  78 101 224 230 232 234 239 236
 211 217 222 223 223 225 137  81  80 103 225 228 230 232 233 235
 210 215 183 126 122 122 178 195 196 197 126 119 121 173 234 237
 208 213 168  77  72  76 186 225 225 228  83  77  82 147 232 238
 204 208 163  72  66  68 185 223 227 219  87  81  81 146 231 234
 187 190 145  65  64  68 179 224 226 226 119 119 118 157 201 203
  59  60  60  60  64  71 179 222 226 230 227 226 228 178  86  84
  50  53  52  58  61  67 180 220 225 227 228 226 229 167  79  71
  49  56  60  61  64  67 175 218 222 224 224 224 228 159  82  77
 141 147 153 153 149 150 197 216 219 225 145 140 142 156 175 177
 191 194 198 202 206 209 210 213 215 227  80  70  74 151 224 228
 188 192 196 200 204 207 208 210 211 224  73  65  64 146 223 228
 215 219 221 223 224 223  99  64  66 117 222 226 227 228 228 226
 215 219 222 224 226 224 106  65  64 117 223 228 229 230 225 226
 216 219 222 224 226 226 107  68  65 118 226 228 230 232 229 229
 215 219 223 225 225 226 108  67  67 117 227 230 232 232 229 230
 214 218 223 224 225 225 111  67  66 108 226 230 232 232 230 231
 211 217 222 221 222 225 108  71  76 104 226 226 230 232 233 231
 210 214 172 118 119 123 180 190 194 189 110 117 119 177 234 232
 208 213 150  65  69  72 197 223 225 210  67  79  77 155 233 232
 204 209 140  60  62  72 200 223 227 205  67  73  74 155 231 234
 185 189 130  61  60  66 198 223 226 212 107 110 111 163 201 201
  54  57  57  58  57  61 193 222 226 225 224 226 223 167  76  76
  49  55  56  51  57  66 195 221 225 227 228 226 225 148  67  70
  51  52  50  56  62  69 191 218 222 224 224 224 223 150  67  68
 140 144 148 154 150 152 203 216 219 219 139 141 139 160 169 173
 191 194 198 202 207 209 212 213 215 218  63  66  67 159 225 228
 188 192 196 200 204 207 208 210 211 216  55  59  61 155 221 225

 234 236 238 238 239 239 242 242 239 213 100  89  91 188 236 233
 233 236 238 237 240 239 242 244 236 213  92  91  80 185 237 235
 233 237 239 238 238 238 189 172 172 177 177 165 155 175 175 171
 232 236 237 238 238 236 144  98 104 135 230 232 230 151  91  87
 231 235 235 238 238 231 138  94  96 132 234 234 230 150  89  79
 239 238 240 240 240 239 129  84  84 120 234 236 231 149  81  72
 135 138 139 136 121 124 196 224 214 222 236 235 232 223 226 220
  94  90  91  88  88 101 192 233 234 232 234 233 230 225 220 219
  89  86  87  86  90  94 193 231 233 231 232 230 225 223 221 218
 116 122 122 122 133 122 196 211 212 209 206 206 206 214 223 215
 231 229 231 233 230 231 133  96  96  86  80  85  85 167 218 212
 230 231 231 233 231 230 132  90  86  81  77  78  80 163 215 211
 228 229 229 232 232 230 134  90  84  83  77  74  76 163 209 207
 226 227 227 228 231 227 184 162 154 136  72  81  72 154 203 201
 224 224 224 224 225 222 220 216 209 186  75  77  72 150 201 197
 220 220 218 221 219 216 216 216 209 184  75  68  69 146 199 193
 231 233 234 235 236 235 237 238 234 203  84  71  77 177 228 228
 228 234 234 235 239 233 234 232 231 201  86  79  82 175 224 223
 228 230 232 233 234 232 173 147 146 157 178 167 159 156 151 146
 227 229 230 232 232 230 121  82  81 118 228 229 228 142  74  64
 226 228 228 230 230 228 119  77  81 119 226 226 224 140  70  65
 223 223 224 224 224 225 126  83  87 119 227 228 224 145  80  73
 115 114 113 109 101 103 197 228 219 226 230 227 224 225 227 224
  72  74  75  76  78  80 196 225 227 226 226 225 222 219 215 211
  73  74  77  76  78  81 195 225 223 224 222 220 218 216 213 210
 128 132 132 133 134 137 178 186 185 179 179 180 175 197 210 208
 223 224 226 226 225 225 122  76  68  68  71  67  67 150 209 207
 224 226 226 225 225 223 122  72  66  64  64  61  64 149 206 204
 223 224 224 225 224 223 126  77  72  65  60  58  61 153 202 200
 221 222 222 223 223 222 183 168 163 145  60  52  60 153 198 196
 219 219 219 219 218 217 215 213 208 190  60  53  56 147 194 192
 215 215 216 215 214 211 210 208 204 187  59  50  49 141 191 188
 226 226 229 230 231 231 232 232 234 201  76  70  68 173 228 225
 228 225 229 229 230 233 234 233 231 201  76  67  67 169 225 221
 228 230 232 232 232 232 177 155 155 163 167 148 150 160 159 155
 227 229 230 232 232 230 119  77  74 111 223 225 223 139  67  61
 226 228 228 230 230 226 117  79  73 110 226 226 224 141  66  59
 222 223 226 227 226 226 110  67  67 107 224 228 224 139  63  55
 117 117 118 117 108 104 189 210 205 212 225 227 224 219 218 216
  66  64  65  67  66  76 194 225 227 226 226 225 222 219 215 211
  64  65  68  67  67  71 190 223 223 223 222 221 218 216 213 210
  99 106 107 108 111 108 180 197 200 198 193 195 191 203 212 208
 223 224 226 226 225 225 123  72  72  66  61  66  69 152 209 207
 224 226 226 225 225 222 119  69  62  60  57  57  62 150 207 204
 223 224 224 225 224 221 118  65  60  61  58  51  56 154 202 200
 221 222 222 223 223 222 172 150 140 130  57  56  50 148 198 196
 219 219 219 219 218 217 214 213 209 189  57  55  52 144 194 192
 215 215 216 215 214 211 210 208 204 185  54  49  51 140 191 188

 233 235 171  87  79  72 220 219 218 215 212 211 207 201 197 193
 236 237 175  91  89  81 226 220 221 223 218 215 209 203 201 199
 188 185 175 151 150 149 223 225 223 214 167 163 163 154 150 146
  91  80 155 230 230 231 232 230 225 206  85  80  76  72  72  69
  89  91 165 232 234 236 235 233 230 206  85  78  74  81  77  68
 100  92 177 230 234 234 236 234 232 206  80  77  77  72  75  75
 213 213 177 135 132 120 222 232 231 209  86  81  83 136 186 184
 239 236 172 104  96  84 214 234 233 212  96  86  84 154 209 209
 242 244 172  98  94  84 224 233 231 211  96  90  90 162 216 216
 242 242 189 144 138 129 196 192 193 196 133 132 134 184 220 216
 239 239 238 236 231 239 124 101  94 122 231 230 230 227 222 216
 239 240 238 238 238 240 121  88  90 133 230 231 232 231 225 219
 238 237 238 238 238 240 136  88  86 122 233 233 232 228 224 221
 238 238 239 237 235 240 139  91  87 122 231 231 229 227 224 218
 236 236 237 236 235 238 138  90  86 122 229 231 229 227 224 220
 234 233 233 232 231 239 135  94  89 116 231 230 228 226 224 220
 228 223 146  64  65  73 224 211 210 208 207 204 200 196 192 188
 228 224 151  74  70  80 227 215 213 210 209 206 202 198 194 191
 177 175 156 142 140 145 225 219 216 197 150 149 153 153 147 141
  77  82 159 228 224 224 224 222 218 175  67  64  61  60  56  49
  71  79 167 229 226 228 227 225 220 180  67  61  58  52  53  50
  84  86 178 228 226 227 230 226 222 179  71  64  60  60  60  59
 203 201 157 118 119 119 226 226 224 179  68  64  65 145 190 187
 234 231 146  81  81  87 219 227 223 185  68  66  72 163 208 204
 238 232 147  82  77  83 228 225 225 186  76  72  77 168 213 208
 237 234 173 121 119 126 197 196 195 178 122 122 126 183 215 210
 235 233 232 230 228 225 103  80  81 137 225 223 223 222 217 211
 236 239 234 232 230 224 101  78  78 134 225 225 224 223 218 214
 235 235 233 232 230 224 109  76  76 133 226 225 225 223 219 215
 234 234 232 230 228 224 113  75  77 132 226 226 224 222 219 216
 233 234 230 229 228 223 114  74  74 132 224 226 224 222 219 215
 231 228 228 227 226 223 115  72  73 128 223 224 223 221 219 215
 225 221 155  61  59  55 216 211 210 208 207 204 200 196 192 188
 228 225 159  67  66  63 218 215 213 212 209 207 202 198 194 191
 173 169 160 139 141 139 219 219 216 203 152 150 154 148 144 140
  68  67 150 223 224 224 224 222 218 191  69  62  56  50  52  51
  70  67 148 225 226 228 227 225 221 195  66  57  51  56  55  49
  76  76 167 223 226 224 225 226 222 193  61  57  58  57  57  54
 201 201 163 111 110 107 212 226 223 198  66  60  61 130 189 185
 234 231 155  74  73  67 205 227 223 200  72  62  60 140 209 204
 232 233 155  77  79  67 210 225 223 197  72  69  65 150 213 208
 232 234 177 119 117 110 189 194 190 180 123 119 118 172 214 210
 231 233 232 230 226 226 104  76  71 108 225 222 221 222 217 211
 231 230 232 232 230 226 108  66  67 111 225 225 224 223 218 214
 230 229 232 232 230 227 117  67  67 108 226 225 225 223 219 215
 229 229 232 230 228 226 118  65  68 107 226 226 224 222 219 216
 226 225 230 229 228 223 117  64  65 106 224 226 224 222 219 215
 226 228 228 227 226 222 117  66  64  99 223 224 223 221 219 215

 193 199 146  69  68  75 184 209 216 216 216 219 221 218 220 220
 197 201 150  72  77  75 186 209 216 220 222 225 224 224 224 224
 201 203 154  72  81  72 136 154 162 184 227 231 228 227 227 226
 207 209 163  76  74  77  83  84  90 134 230 232 232 229 229 228
 211 215 163  80  78  77  81  86  90 132 230 231 233 231 231 230
 212 218 167  85  85  80  86  96  96 133 231 230 233 231 229 231
 215 223 214 206 206 206 209 212 211 196 122 133 122 122 122 116
 218 221 223 225 230 232 231 233 231 193  94  90  86  87  86  89
 219 220 225 230 233 234 232 234 233 192 101  88  88  91  90  94
 220 226 223 232 235 236 222 214 224 196 124 121 136 139 138 135
  72  81 149 231 236 234 120  84  84 129 239 240 240 240 238 239
  79  89 150 230 234 234 132  96  94 138 231 238 238 235 235 231
  87  91 151 230 232 230 135 104  98 144 236 238 238 237 236 232
 171 175 175 155 165 177 177 172 172 189 238 238 238 239 237 233
 235 237 185  80  91  92 213 236 244 242 239 240 237 238 236 233
 233 236 188  91  89 100 213 239 242 242 239 239 238 238 236 234
 188 191 141  49  50  59 187 204 208 210 211 214 215 216 215 215
 192 194 147  56  53  60 190 208 213 215 217 218 219 219 219 219
 196 198 153  60  52  60 145 163 168 183 222 223 223 222 222 221
 200 202 153  61  58  60  65  72  77 126 223 224 225 224 224 223
 204 206 149  64  61  64  64  66  72 122 223 225 225 226 226 224
 207 209 150  67  67  71  68  68  76 122 225 225 226 226 224 223
 208 210 197 175 180 179 179 185 186 178 137 134 133 132 132 128
 210 213 216 218 220 222 224 223 225 195  81  78  76  77  74  73
 211 215 219 222 225 226 226 227 225 196  80  78  76  75  74  72
 224 227 225 224 227 230 226 219 228 197 103 101 109 113 114 115
  73  80 145 224 228 227 119  87  83 126 225 224 224 224 223 223
  65  70 140 224 226 226 119  81  77 119 228 230 230 228 228 226
  64  74 142 228 229 228 118  81  82 121 230 232 232 230 229 227
 146 151 156 159 167 178 157 146 147 173 232 234 233 232 230 228
 223 224 175  82  79  86 201 231 232 234 233 239 235 234 234 228
 228 228 177  77  71  84 203 234 238 237 235 236 235 234 233 231
 188 191 140  51  49  54 185 204 208 210 211 214 215 216 215 215
 192 194 144  52  55  57 189 209 213 214 217 218 219 219 219 219
 196 198 148  50  56  57 130 140 150 172 222 223 223 222 222 221
 200 202 154  56  51  58  61  60  65 118 221 224 225 224 224 223
 204 207 150  62  57  57  60  62  69 119 222 225 225 226 226 224
 207 209 152  69  66  61  66  72  72 123 225 225 226 226 224 223
 208 212 203 191 195 193 198 200 197 180 108 111 108 107 106  99
 210 213 216 218 221 222 223 223 223 190  71  67  67  68  65  64
 211 215 219 222 225 226 226 227 225 194  76  66  67  65  64  66
 216 218 219 224 227 225 212 205 210 189 104 108 117 118 117 117
  55  63 139 224 228 224 107  67  67 110 226 226 227 226 223 222
  59  66 141 224 226 226 110  73  79 117 226 230 230 228 228 226
  61  67 139 223 225 223 111  74  77 119 230 232 232 230 229 227
 155 159 160 150 148 167 163 155 155 177 232 232 232 232 230 228
 221 225 169  67  67  76 201 231 233 234 233 230 229 229 225 228
 225 228 173  68  70  76 201 234 232 232 231 231 230 229 226 226

