 225 226 227 230 231 231 113  90  91 132 239 234 234 236 237 236
 227 229 230 233 234 233 105  90  92 140 239 235 237 237 237 237
 228 230 229 235 236 235 113  95 101 152 239 237 237 240 241 240
 229 234 237 236 236 235 115  90  95 144 245 240 241 242 241 240
 226 232 235 235 237 236 113  93  99 152 241 238 242 243 241 240
 228 232 234 235 237 237 115  94 103 146 244 237 241 243 240 242
 228 230 192 138 139 143 203 198 200 186 138 139 142 216 244 244
 228 231 173  94  96 102 230 238 239 197  93  99 101 211 245 243
 227 230 167  84  90  95 235 237 238 201  91  92 103 204 241 240
 224 228 161  86  87  90 236 241 242 206  91  89  96 181 223 214
 224 228 158  86  89  93 237 239 243 203  91  96  92  95  95 104
 219 224 151  81  86  95 237 241 243 203  92  96  98  91  91  96
 217 224 151  85  91  97 239 242 244 211  96  95 102 101 100  94
 143 144 159 174 176 185 240 243 244 228 179 180 180 184 184 184
  73  81 167 230 233 237 241 243 244 241 240 240 242 244 245 245
  68  75 162 228 230 234 238 241 242 238 239 240 245 246 246 246
 220 223 224 225 226 226 120  70  74 112 221 227 228 230 230 230
 222 225 226 228 229 228 123  74  73 119 222 230 232 232 232 232
 223 226 227 230 230 230 123  74  74 124 224 231 232 235 234 233
 224 227 229 230 230 230 120  76  76 122 227 232 234 235 235 235
 224 227 228 230 232 231 123  77  78 123 228 232 235 236 235 235
 223 227 229 230 232 232 121  80  81 119 226 232 234 235 235 235
 220 226 193 129 128 130 185 193 195 185 131 128 131 198 234 235
 218 223 177  76  75  78 205 231 231 201  86  78  85 187 231 234
 217 222 171  74  71  74 207 232 232 202  81  72  78 180 230 234
 217 222 164  72  68  74 207 234 234 204  81  73  71 158 209 211
 215 221 160  70  68  72 208 233 235 206  80  70  71  74  78  78
 212 218 156  70  66  70 208 235 235 207  81  69  70  68  69  69
 208 214 152  71  70  74 210 236 236 209  87  75  73  72  72  75
 129 134 147 161 162 169 223 236 236 224 167 162 166 166 167 168
  54  59 135 215 224 231 233 235 236 235 233 233 236 237 237 237
  48  54 130 213 224 229 231 233 234 233 232 233 238 238 238 238
 220 223 224 225 226 226  95  71  76 121 226 227 228 230 230 230
 222 225 226 228 229 228  98  73  75 130 229 230 232 232 232 232
 223 226 227 230 230 230 102  74  77 136 231 231 232 235 234 233
 224 227 229 230 230 230  99  74  78 132 231 232 234 235 235 235
 224 227 228 230 232 231  98  78  80 134 232 232 235 236 235 235
 224 227 229 230 232 232 100  80  84 133 234 232 234 235 235 235
 224 228 190 129 129 131 193 193 195 180 128 128 130 202 235 235
 224 228 167  78  77  81 225 231 231 193  79  80  77 198 233 235
 224 228 161  69  73  76 226 231 232 191  77  74  76 193 235 235
 222 226 153  68  70  76 228 232 234 194  77  74  72 167 210 211
 220 224 148  66  68  75 227 232 235 196  76  74  69  75  80  82
 218 224 142  65  68  73 228 234 235 196  77  73  71  70  72  73
 213 219 138  65  71  77 229 234 236 200  79  77  77  76  75  77
 129 132 152 161 164 170 231 234 236 217 166 164 167 168 169 169
  55  60 153 227 229 231 233 235 236 235 233 233 236 237 237 237
  50  56 151 226 228 229 231 233 234 233 232 233 238 238 238 238

 236 237 240 240 240 242 244 243 240 214 104  96  94 184 245 246
 237 237 241 241 241 240 244 245 241 223  95  91 100 184 245 246
 236 237 240 242 243 243 216 211 204 181  95  91 101 184 244 246
 234 237 237 241 242 241 142 101 103  96  92  98 102 180 242 245
 234 235 237 240 238 237 139  99  92  89  96  96  95 180 240 240
 239 239 239 245 241 244 138  93  91  91  91  92  96 179 240 239
 132 140 152 144 152 146 186 197 201 206 203 203 211 228 241 238
  91  92 101  95  99 103 200 239 238 242 243 243 244 244 244 242
  90  90  95  90  93  94 198 238 237 241 239 241 242 243 243 241
 113 105 113 115 113 115 203 230 235 236 237 237 239 240 241 238
 231 233 235 235 236 237 143 102  95  90  93  95  97 185 237 234
 231 234 236 236 237 237 139  96  90  87  89  86  91 176 233 230
 230 233 235 236 235 235 138  94  84  86  86  81  85 174 230 228
 227 230 229 237 235 234 192 173 167 161 158 151 151 159 167 162
 226 229 230 234 232 232 230 231 230 228 228 224 224 144  81  75
 225 227 228 229 226 228 228 228 227 224 224 219 217 143  73  68
 230 232 233 235 235 235 235 234 234 211  78  69  75 168 237 238
 230 232 234 235 235 235 234 231 230 209  78  69  72 167 237 238
 230 232 235 235 236 235 198 187 180 158  74  68  72 166 237 238
 228 232 232 234 235 234 131  85  78  71  71  70  73 166 236 238
 227 230 231 232 232 232 128  78  72  73  70  69  75 162 233 233
 221 222 224 227 228 226 131  86  81  81  80  81  87 167 233 232
 112 119 124 122 123 119 185 201 202 204 206 207 209 224 235 233
  74  73  74  76  78  81 195 231 232 234 235 235 236 236 236 234
  70  74  74  76  77  80 193 231 232 234 233 235 236 236 235 233
 120 123 123 120 123 121 185 205 207 207 208 208 210 223 233 231
 226 228 230 230 231 232 130  78  74  74  72  70  74 169 231 229
 226 229 230 230 232 232 128  75  71  68  68  66  70 162 224 224
 225 228 230 230 230 230 129  76  74  72  70  70  71 161 215 213
 224 226 227 229 228 229 193 177 171 164 160 156 152 147 135 130
 223 225 226 227 227 227 226 223 222 222 221 218 214 134  59  54
 220 222 223 224 224 223 220 218 217 217 215 212 208 129  54  48
 230 232 233 235 235 235 235 235 235 211  82  73  77 169 237 238
 230 232 234 235 235 235 235 233 235 210  80  72  75 169 237 238
 230 232 235 235 236 235 202 198 193 167  75  70  76 168 237 238
 228 232 232 234 235 234 130  77  76  72  69  71  77 167 236 238
 227 230 231 232 232 232 128  80  74  74  74  73  77 164 233 233
 226 229 231 231 232 234 128  79  77  77  76  77  79 166 233 232
 121 130 136 132 134 133 180 193 191 194 196 196 200 217 235 233
  76  75  77  78  80  84 195 231 232 234 235 235 236 236 236 234
  71  73  74  74  78  80 193 231 231 232 232 234 234 234 235 233
  95  98 102  99  98 100 193 225 226 228 227 228 229 231 233 231
 226 228 230 230 231 232 131  81  76  76  75  73  77 170 231 229
 226 229 230 230 232 232 129  77  73  70  68  68  71 164 229 228
 225 228 230 230 230 230 129  78  69  68  66  65  65 161 227 226
 224 226 227 229 228 229 190 167 161 153 148 142 138 152 153 151
 223 225 226 227 227 227 228 228 228 226 224 224 219 132  60  56
 220 222 223 224 224 224 224 224 224 222 220 218 213 129  55  50

 246 246 246 245 240 239 238 242 241 238 234 230 228 162  75  68
 245 245 244 242 240 240 241 244 243 241 237 233 230 167  81  73
 184 184 184 180 180 179 228 244 243 240 185 176 174 159 144 143
  94 100 101 102  95  96 211 244 242 239  97  91  85 151 224 217
  96  91  91  98  96  92 203 243 241 237  95  86  81 151 224 219
 104  95  95  92  96  91 203 243 239 237  93  89  86 158 228 224
 214 223 181  96  89  91 206 242 241 236  90  87  86 161 228 224
 240 241 204 103  92  91 201 238 237 235  95  90  84 167 230 227
 243 245 211 101  99  93 197 239 238 230 102  96  94 173 231 228
 244 244 216 142 139 138 186 200 198 203 143 139 138 192 230 228
 242 240 243 241 237 244 146 103  94 115 237 237 235 234 232 228
 240 241 243 242 238 241 152  99  93 113 236 237 235 235 232 226
 240 241 242 241 240 245 144  95  90 115 235 236 236 237 234 229
 240 241 240 237 237 239 152 101  95 113 235 236 235 229 230 228
 237 237 237 237 235 239 140  92  90 105 233 234 233 230 229 227
 236 237 236 234 234 239 132  91  90 113 231 231 230 227 226 225
 238 238 238 238 233 232 233 234 233 231 229 224 213 130  54  48
 237 237 237 236 233 233 235 236 235 233 231 224 215 135  59  54
 168 167 166 166 162 167 224 236 236 223 169 162 161 147 134 129
  75  72  72  73  75  87 209 236 236 210  74  70  71 152 214 208
  69  69  68  70  69  81 207 235 235 208  70  66  70 156 218 212
  78  78  74  71  70  80 206 235 233 208  72  68  70 160 221 215
 211 209 158  71  73  81 204 234 234 207  74  68  72 164 222 217
 234 230 180  78  72  81 202 232 232 207  74  71  74 171 222 217
 234 231 187  85  78  86 201 231 231 205  78  75  76 177 223 218
 235 234 198 131 128 131 185 195 193 185 130 128 129 193 226 220
 235 235 235 234 232 226 119  81  80 121 232 232 230 229 227 223
 235 235 236 235 232 228 123  78  77 123 231 232 230 228 227 224
 235 235 235 234 232 227 122  76  76 120 230 230 230 229 227 224
 233 234 235 232 231 224 124  74  74 123 230 230 230 227 226 223
 232 232 232 232 230 222 119  73  74 123 228 229 228 226 225 222
 230 230 230 228 227 221 112  74  70 120 226 226 225 224 223 220
 238 238 238 238 233 232 233 234 233 231 229 228 226 151  56  50
 237 237 237 236 233 233 235 236 235 233 231 229 227 153  60  55
 169 169 168 167 164 166 217 236 234 231 170 164 161 152 132 129
  77  75  76  77  77  79 200 236 234 229  77  71  65 138 219 213
  73  72  70  71  73  77 196 235 234 228  73  68  65 142 224 218
  82  80  75  69  74  76 196 235 232 227  75  68  66 148 224 220
 211 210 167  72  74  77 194 234 232 228  76  70  68 153 226 222
 235 235 193  76  74  77 191 232 231 226  76  73  69 161 228 224
 235 233 198  77  80  79 193 231 231 225  81  77  78 167 228 224
 235 235 202 130 128 128 180 195 193 193 131 129 129 190 228 224
 235 235 235 234 232 234 133  84  80 100 232 232 230 229 227 224
 235 235 236 235 232 232 134  80  78  98 231 232 230 228 227 224
 235 235 235 234 232 231 132  78  74  99 230 230 230 229 227 224
 233 234 235 232 231 231 136  77  74 102 230 230 230 227 226 223
 232 232 232 232 230 229 130  75  73  98 228 229 228 226 225 222
 230 230 230 228 227 226 121  76  71  95 226 226 225 224 223 220

  68  73 143 217 219 224 224 227 228 228 228 226 229 228 227 225
  75  81 144 224 224 228 228 230 231 230 232 232 234 230 229 226
 162 167 159 151 151 158 161 167 173 192 234 235 237 229 230 227
 228 230 174  85  81  86  86  84  94 138 235 235 236 235 233 230
 230 233 176  91  86  89  87  90  96 139 237 237 236 236 234 231
 234 237 185  97  95  93  90  95 102 143 237 236 235 235 233 231
 238 241 240 239 237 237 236 235 230 203 115 113 115 113 105 113
 241 243 243 242 241 239 241 237 238 198  94  93  90  95  90  90
 242 244 244 244 243 243 242 238 239 200 103  99  95 101  92  91
 238 241 228 211 203 203 206 201 197 186 146 152 144 152 140 132
 239 240 179  96  92  91  91  91  93 138 244 241 245 239 239 239
 240 240 180  95  96  96  89  92  99 139 237 238 240 237 235 234
 245 242 180 102  98  92  96 103 101 142 241 242 241 237 237 234
 246 244 184 101  91  95 181 204 211 216 243 243 242 240 237 236
 246 245 184 100  91  95 223 241 245 244 240 241 241 241 237 237
 246 245 184  94  96 104 214 240 243 244 242 240 240 240 237 236
  48  54 129 208 212 215 217 217 218 220 223 224 224 223 222 220
  54  59 134 214 218 221 222 222 223 226 227 227 227 226 225 223
 130 135 147 152 156 160 164 171 177 193 229 228 229 227 226 224
 213 215 161  71  70  70  72  74  76 129 230 230 230 230 228 225
 224 224 162  70  66  68  68  71  75 128 232 232 230 230 229 226
 229 231 169  74  70  72  74  74  78 130 232 231 230 230 228 226
 231 233 223 210 208 208 207 207 205 185 121 123 120 123 123 120
 233 235 236 236 235 233 234 232 231 193  80  77  76  74  74  70
 234 236 236 236 235 235 234 232 231 195  81  78  76  74  73  74
 233 235 224 209 207 206 204 202 201 185 119 123 122 124 119 112
 232 233 167  87  81  80  81  81  86 131 226 228 227 224 222 221
 233 233 162  75  69  70  73  72  78 128 232 232 232 231 230 227
 238 236 166  73  70  71  71  78  85 131 234 235 234 232 232 228
 238 237 166  72  68  74 158 180 187 198 235 236 235 235 232 230
 238 237 167  72  69  78 209 230 231 234 235 235 235 234 232 230
 238 237 168  75  69  78 211 234 234 235 235 235 235 233 232 230
  50  55 129 213 218 220 222 224 224 224 224 224 224 223 222 220
  56  60 132 219 224 224 226 228 228 228 227 227 227 226 225 223
 151 153 152 138 142 148 153 161 167 190 229 228 229 227 226 224
 226 227 161  65  65  66  68  69  78 129 230 230 230 230 228 225
 228 229 164  71  68  68  70  73  77 129 232 232 230 230 229 226
 229 231 170  77  73  75  76  76  81 131 232 231 230 230 228 226
 231 233 231 229 228 227 228 226 225 193 100  98  99 102  98  95
 233 235 234 234 234 232 232 231 231 193  80  78  74  74  73  71
 234 236 236 236 235 235 234 232 231 195  84  80  78  77  75  76
 233 235 217 200 196 196 194 191 193 180 133 134 132 136 130 121
 232 233 166  79  77  76  77  77  79 128 234 232 231 231 229 226
 233 233 164  77  73  74  74  74  80 128 232 232 232 231 230 227
 238 236 167  77  71  69  72  76  77 130 234 235 234 232 232 228
 238 237 168  76  70  75 167 193 198 202 235 236 235 235 232 230
 238 237 169  75  72  80 210 235 233 235 235 235 235 234 232 230
 238 237 169  77  73  82 211 235 235 235 235 235 235 233 232 230

