 213 219 225 226 229 230 118  87  89 135 240 236 236 236 235 238
 211 218 223 231 230 229 115  87  96 136 240 238 239 239 239 243
 215 221 226 225 229 231 112  89  93 144 242 239 240 243 244 243
 211 219 226 229 233 235 121  88  90 139 246 241 242 244 246 243
 208 218 225 229 233 234 122  88  92 138 245 241 243 243 245 244
 213 216 218 228 232 235 119  90  99 139 244 238 241 246 248 245
 210 214 188 134 138 143 188 198 197 192 143 143 150 205 248 246
 208 213 163  86  90  99 220 233 235 227  95  95  96 181 247 249
 208 209 161  82  83  91 213 235 239 230  87  97 102 178 248 248
 204 207 157  79  77  88 216 233 239 232  94  95  98 173 246 248
 204 206 155  74  80  90 216 234 238 200  87  89  96 200 248 249
 202 203 153  79  79  91 208 230 236 199  84  90 102 198 248 249
 198 201 153  78  79  88 207 228 233 199  86  91  96 192 248 249
 195 198 152  76  74  83 207 224 228 196  86  85  95 187 246 247
 194 195 147  78  75  84 202 221 229 198  86  89  93 177 246 247
 188 192 142  71  69  74 193 218 222 196  84  81  87 183 243 246
 210 216 220 224 226 228 121  74  71 112 223 229 231 234 235 235
 211 217 222 226 228 229 123  75  71 113 224 232 234 237 239 236
 210 216 221 225 228 230 123  78  77 113 225 234 238 241 242 241
 209 215 220 225 229 230 125  77  76 108 226 234 237 240 243 240
 208 215 219 223 228 229 125  81  75 110 227 235 241 240 242 243
 206 211 217 220 225 228 121  80  80 114 224 234 237 240 243 244
 205 210 189 125 126 129 176 189 184 188 140 137 140 186 240 244
 203 207 175  74  71  73 193 229 230 231  86  82  85 155 241 245
 200 204 169  69  66  70 192 229 232 234  84  77  78 153 242 245
 197 202 164  63  62  67 190 227 232 235  82  72  77 148 240 245
 193 200 162  65  61  66 188 226 230 204  83  74  73 173 242 245
 192 197 159  58  59  64 186 223 229 204  80  72  76 167 242 245
 191 196 160  56  57  62 182 221 226 204  80  70  72 163 242 245
 188 193 159  55  54  60 180 217 224 200  77  69  73 157 242 245
 186 190 153  56  53  57 174 214 222 202  73  64  69 150 241 244
 181 186 147  57  53  56 166 211 218 202  74  66  70 157 238 240
 210 216 220 224 226 228  98  69  69 117 231 229 231 231 230 231
 211 217 222 226 228 229  97  70  74 118 232 232 234 233 230 234
 210 216 221 225 228 230 101  68  67 119 236 234 232 233 233 234
 209 215 220 225 229 230 105  70  69 117 236 234 237 236 234 236
 208 215 219 223 228 229 105  72  75 117 236 234 234 237 238 234
 206 211 217 220 225 228 101  76  83 117 233 234 235 235 236 235
 205 210 180 126 125 126 174 185 185 182 137 135 133 191 235 235
 203 211 152  69  70  75 208 227 230 219  76  78  83 166 232 236
 200 209 148  64  65  72 206 229 232 222  70  72  79 165 232 236
 201 208 145  65  64  70 205 228 232 223  73  71  75 161 235 236
 200 207 142  61  61  69 203 227 230 191  67  66  76 188 235 236
 199 206 142  61  59  63 197 225 229 191  67  66  70 178 235 236
 198 203 142  59  58  64 196 222 227 191  67  66  75 172 232 236
 194 201 140  56  55  63 192 221 224 189  66  63  68 164 233 236
 194 199 137  54  54  61 188 217 223 190  64  63  68 157 232 235
 189 198 136  52  52  58 183 212 219 187  61  59  62 162 229 238

 238 243 243 243 244 245 246 249 248 248 249 249 249 247 247 246
 235 239 244 246 245 248 248 247 248 246 248 248 248 246 246 243
 236 239 243 244 243 246 205 181 178 173 200 198 192 187 177 183
 236 239 240 242 243 241 150  96 102  98  96 102  96  95  93  87
 236 238 239 241 241 238 143  95  97  95  89  90  91  85  89  81
 240 240 242 246 245 244 143  95  87  94  87  84  86  86  86  84
 135 136 144 139 138 139 192 227 230 232 200 199 199 196 198 196
  89  96  93  90  92  99 197 235 239 239 238 236 233 228 229 222
  87  87  89  88  88  90 198 233 235 233 234 230 228 224 221 218
 118 115 112 121 122 119 188 220 213 216 216 208 207 207 202 193
 230 229 231 235 234 235 143  99  91  88  90  91  88  83  84  74
 229 230 229 233 233 232 138  90  83  77  80  79  79  74  75  69
 226 231 225 229 229 228 134  86  82  79  74  79  78  76  78  71
 225 223 226 226 225 218 188 163 161 157 155 153 153 152 147 142
 219 218 221 219 218 216 214 213 209 207 206 203 201 198 195 192
 213 211 215 211 208 213 210 208 208 204 204 202 198 195 194 188
 235 236 241 240 243 244 244 245 245 245 245 245 245 245 244 240
 235 239 242 243 242 243 240 241 242 240 242 242 242 242 241 238
 234 237 241 240 240 240 186 155 153 148 173 167 163 157 150 157
 231 234 238 237 241 237 140  85  78  77  73  76  72  73  69  70
 229 232 234 234 235 234 137  82  77  72  74  72  70  69  64  66
 223 224 225 226 227 224 140  86  84  82  83  80  80  77  73  74
 112 113 113 108 110 114 188 231 234 235 204 204 204 200 202 202
  71  71  77  76  75  80 184 230 232 232 230 229 226 224 222 218
  74  75  78  77  81  80 189 229 229 227 226 223 221 217 214 211
 121 123 123 125 125 121 176 193 192 190 188 186 182 180 174 166
 228 229 230 230 229 228 129  73  70  67  66  64  62  60  57  56
 226 228 228 229 228 225 126  71  66  62  61  59  57  54  53  53
 224 226 225 225 223 220 125  74  69  63  65  58  56  55  56  57
 220 222 221 220 219 217 189 175 169 164 162 159 160 159 153 147
 216 217 216 215 215 211 210 207 204 202 200 197 196 193 190 186
 210 211 210 209 208 206 205 203 200 197 193 192 191 188 186 181
 231 234 234 236 234 235 235 236 236 236 236 236 236 236 235 238
 230 230 233 234 238 236 235 232 232 235 235 235 232 233 232 229
 231 233 233 236 237 235 191 166 165 161 188 178 172 164 157 162
 231 234 232 237 234 235 133  83  79  75  76  70  75  68  68  62
 229 232 234 234 234 234 135  78  72  71  66  66  66  63  63  59
 231 232 236 236 236 233 137  76  70  73  67  67  67  66  64  61
 117 118 119 117 117 117 182 219 222 223 191 191 191 189 190 187
  69  74  67  69  75  83 185 230 232 232 230 229 227 224 223 219
  69  70  68  70  72  76 185 227 229 228 227 225 222 221 217 212
  98  97 101 105 105 101 174 208 206 205 203 197 196 192 188 183
 228 229 230 230 229 228 126  75  72  70  69  63  64  63  61  58
 226 228 228 229 228 225 125  70  65  64  61  59  58  55  54  52
 224 226 225 225 223 220 126  69  64  65  61  61  59  56  54  52
 220 222 221 220 219 217 180 152 148 145 142 142 142 140 137 136
 216 217 216 215 215 211 210 211 209 208 207 206 203 201 199 198
 210 211 210 209 208 206 205 203 200 201 200 199 198 194 194 189

 246 243 183  87  81  84 196 222 218 193  74  69  71 142 192 188
 247 246 177  93  89  86 198 229 221 202  84  75  78 147 195 194
 247 246 187  95  85  86 196 228 224 207  83  74  76 152 198 195
 249 248 192  96  91  86 199 233 228 207  88  79  78 153 201 198
 249 248 198 102  90  84 199 236 230 208  91  79  79 153 203 202
 249 248 200  96  89  87 200 238 234 216  90  80  74 155 206 204
 248 246 173  98  95  94 232 239 233 216  88  77  79 157 207 204
 248 248 178 102  97  87 230 239 235 213  91  83  82 161 209 208
 249 247 181  96  95  95 227 235 233 220  99  90  86 163 213 208
 246 248 205 150 143 143 192 197 198 188 143 138 134 188 214 210
 245 248 246 241 238 244 139  99  90 119 235 232 228 218 216 213
 244 245 243 243 241 245 138  92  88 122 234 233 229 225 218 208
 243 246 244 242 241 246 139  90  88 121 235 233 229 226 219 211
 243 244 243 240 239 242 144  93  89 112 231 229 225 226 221 215
 243 239 239 239 238 240 136  96  87 115 229 230 231 223 218 211
 238 235 236 236 236 240 135  89  87 118 230 229 226 225 219 213
 240 238 157  70  66  74 202 218 211 166  56  53  57 147 186 181
 244 241 150  69  64  73 202 222 214 174  57  53  56 153 190 186
 245 242 157  73  69  77 200 224 217 180  60  54  55 159 193 188
 245 242 163  72  70  80 204 226 221 182  62  57  56 160 196 191
 245 242 167  76  72  80 204 229 223 186  64  59  58 159 197 192
 245 242 173  73  74  83 204 230 226 188  66  61  65 162 200 193
 245 240 148  77  72  82 235 232 227 190  67  62  63 164 202 197
 245 242 153  78  77  84 234 232 229 192  70  66  69 169 204 200
 245 241 155  85  82  86 231 230 229 193  73  71  74 175 207 203
 244 240 186 140 137 140 188 184 189 176 129 126 125 189 210 205
 244 243 240 237 234 224 114  80  80 121 228 225 220 217 211 206
 243 242 240 241 235 227 110  75  81 125 229 228 223 219 215 208
 240 243 240 237 234 226 108  76  77 125 230 229 225 220 215 209
 241 242 241 238 234 225 113  77  78 123 230 228 225 221 216 210
 236 239 237 234 232 224 113  71  75 123 229 228 226 222 217 211
 235 235 234 231 229 223 112  71  74 121 228 226 224 220 216 210
 238 229 162  62  59  61 187 219 212 183  58  52  52 136 198 189
 235 232 157  68  63  64 190 223 217 188  61  54  54 137 199 194
 236 233 164  68  63  66 189 224 221 192  63  55  56 140 201 194
 236 232 172  75  66  67 191 227 222 196  64  58  59 142 203 198
 236 235 178  70  66  67 191 229 225 197  63  59  61 142 206 199
 236 235 188  76  66  67 191 230 227 203  69  61  61 142 207 200
 236 235 161  75  71  73 223 232 228 205  70  64  65 145 208 201
 236 232 165  79  72  70 222 232 229 206  72  65  64 148 209 200
 236 232 166  83  78  76 219 230 227 208  75  70  69 152 211 203
 235 235 191 133 135 137 182 185 185 174 126 125 126 180 210 205
 235 236 235 235 234 233 117  83  76 101 228 225 220 217 211 206
 234 238 237 234 234 236 117  75  72 105 229 228 223 219 215 208
 236 234 236 237 234 236 117  69  70 105 230 229 225 220 215 209
 234 233 233 232 234 236 119  67  68 101 230 228 225 221 216 210
 234 230 233 234 232 232 118  74  70  97 229 228 226 222 217 211
 231 230 231 231 229 231 117  69  69  98 228 226 224 220 216 210

 188 194 195 198 202 204 204 208 208 210 213 208 211 215 211 213
 192 195 198 201 203 206 207 209 213 214 216 218 219 221 218 219
 142 147 152 153 153 155 157 161 163 188 218 225 226 226 223 225
  71  78  76  78  79  74  79  82  86 134 228 229 229 225 231 226
  69  75  74  79  79  80  77  83  90 138 232 233 233 229 230 229
  74  84  83  88  91  90  88  91  99 143 235 234 235 231 229 230
 193 202 207 207 208 216 216 213 220 188 119 122 121 112 115 118
 218 221 224 228 230 234 233 235 233 198  90  88  88  89  87  87
 222 229 228 233 236 238 239 239 235 197  99  92  90  93  96  89
 196 198 196 199 199 200 232 230 227 192 139 138 139 144 136 135
  84  86  86  86  84  87  94  87  95 143 244 245 246 242 240 240
  81  89  85  91  90  89  95  97  95 143 238 241 241 239 238 236
  87  93  95  96 102  96  98 102  96 150 241 243 242 240 239 236
 183 177 187 192 198 200 173 178 181 205 246 243 244 243 239 236
 243 246 246 248 248 248 246 248 247 248 248 245 246 244 239 235
 246 247 247 249 249 249 248 248 249 246 245 244 243 243 243 238
 181 186 188 191 192 193 197 200 203 205 206 208 209 210 211 210
 186 190 193 196 197 200 202 204 207 210 211 215 215 216 217 216
 147 153 159 160 159 162 164 169 175 189 217 219 220 221 222 220
  57  56  55  56  58  65  63  69  74 125 220 223 225 225 226 224
  53  53  54  57  59  61  62  66  71 126 225 228 229 228 228 226
  56  57  60  62  64  66  67  70  73 129 228 229 230 230 229 228
 166 174 180 182 186 188 190 192 193 176 121 125 125 123 123 121
 211 214 217 221 223 226 227 229 229 189  80  81  77  78  75  74
 218 222 224 226 229 230 232 232 230 184  80  75  76  77  71  71
 202 202 200 204 204 204 235 234 231 188 114 110 108 113 113 112
  74  73  77  80  80  83  82  84  86 140 224 227 226 225 224 223
  66  64  69  70  72  74  72  77  82 137 234 235 234 234 232 229
  70  69  73  72  76  73  77  78  85 140 237 241 237 238 234 231
 157 150 157 163 167 173 148 153 155 186 240 240 240 241 237 234
 238 241 242 242 242 242 240 242 241 240 243 242 243 242 239 235
 240 244 245 245 245 245 245 245 245 244 244 243 240 241 236 235
 189 194 194 198 199 200 201 200 203 205 206 208 209 210 211 210
 198 199 201 203 206 207 208 209 211 210 211 215 215 216 217 216
 136 137 140 142 142 142 145 148 152 180 217 219 220 221 222 220
  52  54  56  59  61  61  65  64  69 126 220 223 225 225 226 224
  52  54  55  58  59  61  64  65  70 125 225 228 229 228 228 226
  58  61  63  64  63  69  70  72  75 126 228 229 230 230 229 228
 183 188 192 196 197 203 205 206 208 174 101 105 105 101  97  98
 212 217 221 222 225 227 228 229 227 185  76  72  70  68  70  69
 219 223 224 227 229 230 232 232 230 185  83  75  69  67  74  69
 187 190 189 191 191 191 223 222 219 182 117 117 117 119 118 117
  61  64  66  67  67  67  73  70  76 137 233 236 236 236 232 231
  59  63  63  66  66  66  71  72  78 135 234 234 234 234 232 229
  62  68  68  75  70  76  75  79  83 133 235 234 237 232 234 231
 162 157 164 172 178 188 161 165 166 191 235 237 236 233 233 231
 229 232 233 232 235 235 235 232 232 235 236 238 234 233 230 230
 238 235 236 236 236 236 236 236 236 235 235 234 236 234 234 231

