 212 211 217 222 226 222 122  86  97 134 244 235 240 244 245 243
 211 212 217 223 226 227 135  92  98 135 248 240 246 247 247 246
 211 215 216 221 226 226 128  95  99 139 242 243 245 246 245 243
 208 212 217 224 224 225 116  93  99 136 247 238 243 246 247 246
 207 212 217 222 226 225 112  85  99 136 248 240 246 246 247 249
 203 208 212 217 220 224 117 100 109 140 245 238 240 243 245 246
 203 208 174 122 127 132 189 201 208 193 124 129 133 203 248 250
 202 208 165  87  95  99 214 224 230 208  93 105 113 200 250 250
 197 205 164  83  91  99 217 227 229 203  88  95  98 195 248 247
 167 175 149 119 120 129 212 226 227 200  80  90  91 166 204 204
  71  79 145 213 210 211 212 223 225 200  81  90  86  92  93  96
  69  76 128 211 211 213 215 217 221 194  80  85  89  96  96  95
  68  70 138 212 206 209 213 217 221 194  78  88  88  97  92  90
 148 150 143 128 133 137 199 213 220 213 179 177 178 190 191 193
 187 192 151  83  76  86 194 213 217 220 221 226 230 235 238 241
 181 187 149  74  78  84 188 211 217 221 224 228 229 231 236 238
 198 204 209 214 218 222 124  70  69 102 223 230 231 233 233 231
 197 205 209 215 218 222 131  75  71 103 225 233 232 237 237 237
 196 203 207 213 218 221 125  70  72 107 226 234 234 237 239 239
 196 204 207 213 216 220 121  75  77 109 225 236 237 239 240 239
 194 200 204 208 214 218 119  77  72 105 224 235 236 240 240 239
 193 200 203 207 210 214 117  79  75 112 223 233 235 238 239 241
 192 197 168 108 108 114 170 193 200 183 117 112 114 184 235 238
 190 194 161  69  65  71 182 216 219 194  86  73  76 173 236 238
 187 192 157  69  63  68 184 213 218 195  84  74  76 169 233 234
 163 167 148  96  95  99 181 212 216 192  78  68  71 141 194 198
  58  57 106 193 197 201 204 209 214 192  79  70  71  71  76  79
  45  51  95 192 198 200 202 209 213 186  78  67  67  63  67  68
  48  49  98 190 198 199 201 206 212 186  79  68  69  71  72  70
 135 139 130 116 113 117 175 204 209 201 166 164 167 175 182 185
 171 178 146  58  54  59 157 199 205 210 211 214 216 221 224 228
 171 178 140  55  48  52 152 197 202 206 207 212 215 220 223 227
 201 204 209 214 218 217 108  70  72 106 226 224 231 228 231 232
 202 205 209 215 218 217 114  68  71 107 229 228 234 230 230 230
 201 204 208 213 218 219 107  72  71 114 229 227 233 230 231 230
 199 204 207 214 216 216  97  66  74 112 230 226 232 231 232 231
 196 201 205 210 215 215  91  68  71 109 229 226 231 232 232 232
 194 200 203 208 211 214  94  70  73 116 228 226 228 231 232 232
 193 198 164 102 106 109 171 189 198 184 101 105 109 188 232 235
 191 196 151  60  67  70 195 216 220 196  66  74  78 179 229 234
 192 194 145  63  60  69 194 215 219 195  61  65  67 174 230 235
 165 168 139  90  94  98 188 214 217 192  62  65  65 146 194 196
  47  59 119 201 201 203 204 211 215 192  60  58  60  64  69  70
  48  54 109 199 200 202 204 209 213 186  60  63  62  65  65  65
  50  52 113 198 198 199 202 207 212 186  59  69  68  63  71  69
 135 139 128 109 115 118 185 204 210 202 163 166 168 174 182 183
 179 181 138  49  57  61 173 201 206 211 212 216 218 223 226 228
 177 180 134  43  52  55 166 199 204 208 209 214 217 221 224 226

 243 246 243 246 249 246 250 250 247 204  96  95  90 193 241 238
 245 247 245 247 247 245 248 250 248 204  93  96  92 191 238 236
 244 247 246 246 246 243 203 200 195 166  92  96  97 190 235 231
 240 246 245 243 246 240 133 113  98  91  86  89  88 178 230 229
 235 240 243 238 240 238 129 105  95  90  90  85  88 177 226 228
 244 248 242 247 248 245 124  93  88  80  81  80  78 179 221 224
 134 135 139 136 136 140 193 208 203 200 200 194 194 213 220 221
  97  98  99  99  99 109 208 230 229 227 225 221 221 220 217 217
  86  92  95  93  85 100 201 224 227 226 223 217 217 213 213 211
 122 135 128 116 112 117 189 214 217 212 212 215 213 199 194 188
 222 227 226 225 225 224 132  99  99 129 211 213 209 137  86  84
 226 226 226 224 226 220 127  95  91 120 210 211 206 133  76  78
 222 223 221 224 222 217 122  87  83 119 213 211 212 128  83  74
 217 217 216 217 217 212 174 165 164 149 145 128 138 143 151 149
 211 212 215 212 212 208 208 208 205 175  79  76  70 150 192 187
 212 211 211 208 207 203 203 202 197 167  71  69  68 148 187 181
 231 237 239 239 239 241 238 238 234 198  79  68  70 185 228 227
 233 237 239 240 240 239 235 236 233 194  76  67  72 182 224 223
 233 237 237 239 240 238 184 173 169 141  71  63  71 175 221 220
 231 232 234 237 236 235 114  76  76  71  71  67  69 167 216 215
 230 233 234 236 235 233 112  73  74  68  70  67  68 164 214 212
 223 225 226 225 224 223 117  86  84  78  79  78  79 166 211 207
 102 103 107 109 105 112 183 194 195 192 192 186 186 201 210 206
  69  71  72  77  72  75 200 219 218 216 214 213 212 209 205 202
  70  75  70  75  77  79 193 216 213 212 209 209 206 204 199 197
 124 131 125 121 119 117 170 182 184 181 204 202 201 175 157 152
 222 222 221 220 218 214 114  71  68  99 201 200 199 117  59  52
 218 218 218 216 214 210 108  65  63  95 197 198 198 113  54  48
 214 215 213 213 208 207 108  69  69  96 193 192 190 116  58  55
 209 209 207 207 204 203 168 161 157 148 106  95  98 130 146 140
 204 205 203 204 200 200 197 194 192 167  57  51  49 139 178 178
 198 197 196 196 194 193 192 190 187 163  58  45  48 135 171 171
 232 230 230 231 232 232 235 234 235 196  70  65  69 183 228 226
 231 230 231 232 232 232 232 229 230 194  69  65  71 182 226 224
 228 230 230 231 232 231 188 179 174 146  64  65  63 174 223 221
 231 234 233 232 231 228 109  78  67  65  60  62  68 168 218 217
 224 228 227 226 226 226 105  74  65  65  58  63  69 166 216 214
 226 229 229 230 229 228 101  66  61  62  60  60  59 163 212 209
 106 107 114 112 109 116 184 196 195 192 192 186 186 202 211 208
  72  71  71  74  71  73 198 220 219 217 215 213 212 210 206 204
  70  68  72  66  68  70 189 216 215 214 211 209 207 204 201 199
 108 114 107  97  91  94 171 195 194 188 204 204 202 185 173 166
 217 217 219 216 215 214 109  70  69  98 203 202 199 118  61  55
 218 218 218 216 215 211 106  67  60  94 201 200 198 115  57  52
 214 215 213 214 210 208 102  60  63  90 201 199 198 109  49  43
 209 209 208 207 205 203 164 151 145 139 119 109 113 128 138 134
 204 205 204 204 201 200 198 196 194 168  59  54  52 139 181 180
 201 202 201 199 196 194 193 191 192 165  47  48  50 135 179 177

 238 236 231 229 228 224 221 217 211 188  84  78  74 149 187 181
 241 238 235 230 226 221 220 217 213 194  86  76  83 151 192 187
 193 191 190 178 177 179 213 220 213 199 137 133 128 143 150 148
  90  92  97  88  88  78 194 221 217 213 209 206 212 138  70  68
  95  96  96  89  85  80 194 221 217 215 213 211 211 128  76  69
  96  93  92  86  90  81 200 225 223 212 211 210 213 145  79  71
 204 204 166  91  90  80 200 227 226 212 129 120 119 149 175 167
 247 248 195  98  95  88 203 229 227 217  99  91  83 164 205 197
 250 250 200 113 105  93 208 230 224 214  99  95  87 165 208 202
 250 248 203 133 129 124 193 208 201 189 132 127 122 174 208 203
 246 245 243 240 238 245 140 109 100 117 224 220 217 212 208 203
 249 247 246 246 240 248 136  99  85 112 225 226 222 217 212 207
 246 247 246 243 238 247 136  99  93 116 225 224 224 217 212 208
 243 245 246 245 243 242 139  99  95 128 226 226 221 216 215 211
 246 247 247 246 240 248 135  98  92 135 227 226 223 217 212 211
 243 245 244 240 235 244 134  97  86 122 222 226 222 217 211 212
 227 223 220 215 212 207 206 202 197 152  52  48  55 140 178 171
 228 224 221 216 214 211 210 205 199 157  59  54  58 146 178 171
 185 182 175 167 164 166 201 209 204 175 117 113 116 130 139 135
  70  72  71  69  68  79 186 212 206 201 199 198 190  98  49  48
  68  67  63  67  67  78 186 213 209 202 200 198 192  95  51  45
  79  76  71  71  70  79 192 214 209 204 201 197 193 106  57  58
 198 194 141  71  68  78 192 216 212 181  99  95  96 148 167 163
 234 233 169  76  74  84 195 218 213 184  68  63  69 157 192 187
 238 236 173  76  73  86 194 219 216 182  71  65  69 161 194 190
 238 235 184 114 112 117 183 200 193 170 114 108 108 168 197 192
 241 239 238 235 233 223 112  75  79 117 214 210 207 203 200 193
 239 240 240 236 235 224 105  72  77 119 218 214 208 204 200 194
 239 240 239 237 236 225 109  77  75 121 220 216 213 207 204 196
 239 239 237 234 234 226 107  72  70 125 221 218 213 207 203 196
 237 237 237 232 233 225 103  71  75 131 222 218 215 209 205 197
 231 233 233 231 230 223 102  69  70 124 222 218 214 209 204 198
 226 224 221 217 214 209 208 204 199 166  55  52  43 134 180 177
 228 226 223 218 216 212 211 206 201 173  61  57  49 138 181 179
 183 182 174 168 166 163 202 210 204 185 118 115 109 128 139 135
  69  71  63  68  69  59 186 212 207 202 199 198 198 113  52  50
  65  65  65  62  63  60 186 213 209 204 202 200 199 109  54  48
  70  69  64  60  58  60 192 215 211 204 203 201 201 119  59  47
 196 194 146  65  65  62 192 217 214 188  98  94  90 139 168 165
 235 230 174  67  65  61 195 219 215 194  69  60  63 145 194 192
 234 229 179  78  74  66 196 220 216 195  70  67  60 151 196 191
 235 232 188 109 105 101 184 198 189 171 109 106 102 164 198 193
 232 232 231 228 226 228 116  73  70  94 214 211 208 203 200 194
 232 232 232 231 226 229 109  71  68  91 215 215 210 205 201 196
 231 232 231 232 226 230 112  74  66  97 216 216 214 207 204 199
 230 231 230 233 227 229 114  71  72 107 219 218 213 208 204 201
 230 230 230 234 228 229 107  71  68 114 217 218 215 209 205 202
 232 231 228 231 224 226 106  72  70 108 217 218 214 209 204 201

 181 187 148  68  69  71 167 197 202 203 203 207 208 211 211 212
 187 192 150  70  76  79 175 205 208 208 208 212 212 215 212 211
 149 151 143 138 128 145 149 164 165 174 212 217 217 216 217 217
  74  83 128 212 211 213 119  83  87 122 217 222 224 221 223 222
  78  76 133 206 211 210 120  91  95 127 220 226 224 226 226 226
  84  86 137 209 213 211 129  99  99 132 224 225 225 226 227 222
 188 194 199 213 215 212 212 217 214 189 117 112 116 128 135 122
 211 213 213 217 217 223 226 227 224 201 100  85  93  95  92  86
 217 217 220 221 221 225 227 229 230 208 109  99  99  99  98  97
 221 220 213 194 194 200 200 203 208 193 140 136 136 139 135 134
 224 221 179  78  80  81  80  88  93 124 245 248 247 242 248 244
 228 226 177  88  85  90  90  95 105 129 238 240 238 243 240 235
 229 230 178  88  89  86  91  98 113 133 240 246 243 245 246 240
 231 235 190  97  96  92 166 195 200 203 243 246 246 246 247 244
 236 238 191  92  96  93 204 248 250 248 245 247 247 245 247 245
 238 241 193  90  95  96 204 247 250 250 246 249 246 243 246 243
 171 171 135  48  45  58 163 187 190 192 193 194 196 196 197 198
 178 178 139  49  51  57 167 192 194 197 200 200 204 203 205 204
 140 146 130  98  95 106 148 157 161 168 203 204 207 207 209 209
  55  58 116 190 192 193  96  69  69 108 207 208 213 213 215 214
  48  54 113 198 198 197  95  63  65 108 210 214 216 218 218 218
  52  59 117 199 200 201  99  68  71 114 214 218 220 221 222 222
 152 157 175 201 202 204 181 184 182 170 117 119 121 125 131 124
 197 199 204 206 209 209 212 213 216 193  79  77  75  70  75  70
 202 205 209 212 213 214 216 218 219 200  75  72  77  72  71  69
 206 210 201 186 186 192 192 195 194 183 112 105 109 107 103 102
 207 211 166  79  78  79  78  84  86 117 223 224 225 226 225 223
 212 214 164  68  67  70  68  74  73 112 233 235 236 234 233 230
 215 216 167  69  67  71  71  76  76 114 235 236 237 234 232 231
 220 221 175  71  63  71 141 169 173 184 238 240 239 237 237 233
 223 224 182  72  67  76 194 233 236 235 239 240 240 239 237 233
 227 228 185  70  68  79 198 234 238 238 241 239 239 239 237 231
 177 179 135  50  48  47 165 192 191 193 194 196 199 201 202 201
 180 181 139  52  54  59 168 194 196 198 200 201 204 204 205 204
 134 138 128 113 109 119 139 145 151 164 203 205 207 208 209 209
  43  49 109 198 199 201  90  63  60 102 208 210 214 213 215 214
  52  57 115 198 200 201  94  60  67 106 211 215 216 218 218 218
  55  61 118 199 202 203  98  69  70 109 214 215 216 219 217 217
 166 173 185 202 204 204 188 194 195 171  94  91  97 107 114 108
 199 201 204 207 209 211 214 215 216 189  70  68  66  72  68  70
 204 206 210 212 213 215 217 219 220 198  73  71  74  71  71  72
 208 211 202 186 186 192 192 195 196 184 116 109 112 114 107 106
 209 212 163  59  60  60  62  61  66 101 228 229 230 229 229 226
 214 216 166  69  63  58  65  65  74 105 226 226 226 227 228 224
 217 218 168  68  62  60  65  67  78 109 228 231 232 233 234 231
 221 223 174  63  65  64 146 174 179 188 231 232 231 230 230 228
 224 226 182  71  65  69 194 230 229 232 232 232 232 231 230 231
 226 228 183  69  65  70 196 235 234 235 232 232 231 230 230 232

