 229 235 235 236 239 234 116  91  98 141 242 244 244 243 244 243
 230 235 237 238 239 236 115  93  99 145 243 246 247 245 246 245
 230 235 239 240 240 241 118  95  99 146 243 246 246 247 247 246
 229 235 240 242 242 241 119  94  93 142 244 247 246 247 248 247
 228 234 239 242 243 244 124 101 103 146 244 246 246 248 249 248
 226 233 239 243 243 242 126 104 107 149 244 246 246 247 249 249
 228 230 194 143 150 153 205 208 207 192 141 143 148 210 250 249
 228 230 171  96 106 105 232 244 243 211 101 100 104 200 249 247
 225 229 189  92  98 101 215 248 249 210  99  93  96 200 249 249
 225 227 194 124 127 135 222 249 250 212  97  95  96 184 224 221
 223 227 232 237 239 242 244 248 248 205  96  93  91  93  99  96
 217 224 230 237 239 242 247 247 247 206 101  92  91  83  84  83
 217 224 228 235 238 242 243 248 249 206  96  87  85  82  83  83
 216 219 224 228 235 241 243 246 248 205  93  83  79  80  80  78
 212 217 224 229 234 238 241 244 247 206  88  85  87  83  86  82
 206 212 218 223 229 232 234 238 241 203  89  83  83  75  78  75
 221 227 228 230 231 232 125  75  78 116 227 233 236 237 237 235
 222 227 230 232 232 233 126  76  78 116 229 234 236 241 241 239
 222 227 231 232 233 235 126  76  79 118 229 236 240 243 243 242
 221 227 232 234 234 237 127  79  82 118 230 237 241 240 242 243
 220 226 231 234 235 236 127  82  83 118 230 235 238 244 245 244
 221 225 230 231 234 236 126  82  85 118 230 235 238 243 245 245
 220 225 189 134 132 133 191 199 200 190 128 127 130 190 241 245
 217 223 167  85  77  83 207 235 237 212  88  81  80 170 240 242
 215 221 187  82  74  78 188 236 237 212  85  77  76 164 237 237
 211 219 192 107 103 106 197 237 238 217  84  75  73 150 212 214
 209 218 222 223 226 231 236 239 240 214  84  73  69  72  75  74
 209 216 220 223 229 232 233 237 239 215  81  70  67  63  66  68
 206 213 217 221 226 231 232 234 237 216  82  69  64  59  61  62
 202 209 215 219 223 228 230 232 237 216  80  67  60  62  63  61
 199 205 211 215 220 225 229 231 234 210  77  66  60  56  58  55
 196 201 207 212 218 221 226 229 232 207  74  63  60  61  58  56
 221 227 228 230 231 228 101  72  74 119 229 234 236 233 234 235
 222 227 230 232 232 229 104  74  71 122 231 235 237 232 234 234
 222 227 231 232 233 227 106  76  72 125 231 234 234 234 234 233
 221 227 232 234 234 233 104  72  72 123 232 235 235 238 237 234
 220 226 231 234 235 234 109  71  72 124 232 236 238 235 236 235
 221 225 230 232 234 232 105  81  80 125 232 236 238 234 236 236
 220 225 188 132 134 134 192 197 200 185 128 125 125 195 237 236
 218 224 160  72  78  83 220 233 235 196  81  79  83 183 238 238
 216 224 175  70  76  79 201 235 237 197  74  72  78 178 237 239
 213 220 187 100 106 110 208 235 237 197  71  66  68 159 215 214
 211 218 223 225 228 232 236 234 233 196  72  67  67  71  76  77
 209 216 221 225 230 233 235 238 238 198  70  61  61  65  63  61
 207 214 218 223 228 232 233 236 237 198  69  61  60  62  61  60
 204 210 215 219 224 230 232 234 237 196  68  62  62  54  57  57
 205 208 212 217 222 227 230 233 235 192  66  59  56  57  60  58
 200 205 210 213 219 222 226 230 233 192  67  57  54  54  56  58

 243 245 246 247 248 249 249 247 249 221  96  83  83  78  82  75
 244 246 247 248 249 249 250 249 249 224  99  84  83  80  86  78
 243 245 247 247 248 247 210 200 200 184  93  83  82  80  83  75
 244 247 246 246 246 246 148 104  96  96  91  91  85  79  87  83
 244 246 246 247 246 246 143 100  93  95  93  92  87  83  85  83
 242 243 243 244 244 244 141 101  99  97  96 101  96  93  88  89
 141 145 146 142 146 149 192 211 210 212 205 206 206 205 206 203
  98  99  99  93 103 107 207 243 249 250 248 247 249 248 247 241
  91  93  95  94 101 104 208 244 248 249 248 247 248 246 244 238
 116 115 118 119 124 126 205 232 215 222 244 247 243 243 241 234
 234 236 241 241 244 242 153 105 101 135 242 242 242 241 238 232
 239 239 240 242 243 243 150 106  98 127 239 239 238 235 234 229
 236 238 240 242 242 243 143  96  92 124 237 237 235 228 229 223
 235 237 239 240 239 239 194 171 189 194 232 230 228 224 224 218
 235 235 235 235 234 233 230 230 229 227 227 224 224 219 217 212
 229 230 230 229 228 226 228 228 225 225 223 217 217 216 212 206
 235 239 242 243 244 245 245 242 237 214  74  68  62  61  55  56
 237 241 243 242 245 245 241 240 237 212  75  66  61  63  58  58
 237 241 243 240 244 243 190 170 164 150  72  63  59  62  56  61
 236 236 240 241 238 238 130  80  76  73  69  67  64  60  60  60
 233 234 236 237 235 235 127  81  77  75  73  70  69  67  66  63
 227 229 229 230 230 230 128  88  85  84  84  81  82  80  77  74
 116 116 118 118 118 118 190 212 212 217 214 215 216 216 210 207
  78  78  79  82  83  85 200 237 237 238 240 239 237 237 234 232
  75  76  76  79  82  82 199 235 236 237 239 237 234 232 231 229
 125 126 126 127 127 126 191 207 188 197 236 233 232 230 229 226
 232 233 235 237 236 236 133  83  78 106 231 232 231 228 225 221
 231 232 233 234 235 234 132  77  74 103 226 229 226 223 220 218
 230 232 232 234 234 231 134  85  82 107 223 223 221 219 215 212
 228 230 231 232 231 230 189 167 187 192 222 220 217 215 211 207
 227 227 227 227 226 225 225 223 221 219 218 216 213 209 205 201
 221 222 222 221 220 221 220 217 215 211 209 209 206 202 199 196
 235 234 233 234 235 236 236 238 239 214  77  61  60  57  58  58
 234 234 234 237 236 236 237 238 237 215  76  63  61  57  60  56
 233 232 234 238 235 234 195 183 178 159  71  65  62  54  57  54
 236 237 234 235 238 238 125  83  78  68  67  61  60  62  56  54
 234 235 234 235 236 236 125  79  72  66  67  61  61  62  59  57
 229 231 231 232 232 232 128  81  74  71  72  70  69  68  66  67
 119 122 125 123 124 125 185 196 197 197 196 198 198 196 192 192
  74  71  72  72  72  80 200 235 237 237 233 238 237 237 235 233
  72  74  76  72  71  81 197 233 235 235 234 238 236 234 233 230
 101 104 106 104 109 105 192 220 201 208 236 235 233 232 230 226
 228 229 227 233 234 232 134  83  79 110 232 233 232 230 227 222
 231 232 233 234 235 234 134  78  76 106 228 230 228 224 222 219
 230 232 232 234 234 232 132  72  70 100 225 225 223 219 217 213
 228 230 231 232 231 230 188 160 175 187 223 221 218 215 212 210
 227 227 227 227 226 225 225 224 224 220 218 216 214 210 208 205
 221 222 222 221 220 221 220 218 216 213 211 209 207 204 205 200

  75  78  75  83  83  89 203 241 238 234 232 229 223 218 212 206
  82  86  83  87  85  88 206 247 244 241 238 234 229 224 217 212
  78  80  80  79  83  93 205 248 246 243 241 235 228 224 219 216
  83  83  82  85  87  96 206 249 248 243 242 238 235 228 224 217
  83  84  83  91  92 101 206 247 247 247 242 239 237 230 224 217
  96  99  93  91  93  96 205 248 248 244 242 239 237 232 227 223
 221 224 184  96  95  97 212 250 249 222 135 127 124 194 227 225
 249 249 200  96  93  99 210 249 248 215 101  98  92 189 229 225
 247 249 200 104 100 101 211 243 244 232 105 106  96 171 230 228
 249 250 210 148 143 141 192 207 208 205 153 150 143 194 230 228
 249 249 247 246 246 244 149 107 104 126 242 243 243 239 233 226
 248 249 248 246 246 244 146 103 101 124 244 243 242 239 234 228
 247 248 247 246 247 244 142  93  94 119 241 242 242 240 235 229
 246 247 247 246 246 243 146  99  95 118 241 240 240 239 235 230
 245 246 245 247 246 243 145  99  93 115 236 239 238 237 235 230
 243 244 243 244 244 242 141  98  91 116 234 239 236 235 235 229
  56  58  61  60  63  74 207 232 229 226 221 218 212 207 201 196
  55  58  56  60  66  77 210 234 231 229 225 220 215 211 205 199
  61  63  62  60  67  80 216 237 232 230 228 223 219 215 209 202
  62  61  59  64  69  82 216 237 234 232 231 226 221 217 213 206
  68  66  63  67  70  81 215 239 237 233 232 229 223 220 216 209
  74  75  72  69  73  84 214 240 239 236 231 226 223 222 218 209
 214 212 150  73  75  84 217 238 237 197 106 103 107 192 219 211
 237 237 164  76  77  85 212 237 236 188  78  74  82 187 221 215
 242 240 170  80  81  88 212 237 235 207  83  77  85 167 223 217
 245 241 190 130 127 128 190 200 199 191 133 132 134 189 225 220
 245 245 243 238 235 230 118  85  82 126 236 234 231 230 225 221
 244 245 244 238 235 230 118  83  82 127 236 235 234 231 226 220
 243 242 240 241 237 230 118  82  79 127 237 234 234 232 227 221
 242 243 243 240 236 229 118  79  76 126 235 233 232 231 227 222
 239 241 241 236 234 229 116  78  76 126 233 232 232 230 227 222
 235 237 237 236 233 227 116  78  75 125 232 231 230 228 227 221
  58  56  54  54  57  67 192 233 230 226 222 219 213 210 205 200
  58  60  57  56  59  66 192 235 233 230 227 222 217 212 208 205
  57  57  54  62  62  68 196 237 234 232 230 224 219 215 210 204
  60  61  62  60  61  69 198 237 236 233 232 228 223 218 214 207
  61  63  65  61  61  70 198 238 238 235 233 230 225 221 216 209
  77  76  71  67  67  72 196 233 234 236 232 228 225 223 218 211
 214 215 159  68  66  71 197 237 235 208 110 106 100 187 220 213
 239 237 178  78  72  74 197 237 235 201  79  76  70 175 224 216
 238 238 183  83  79  81 196 235 233 220  83  78  72 160 224 218
 236 237 195 125 125 128 185 200 197 192 134 134 132 188 225 220
 236 236 234 238 236 232 125  80  81 105 232 234 232 230 225 221
 235 236 235 238 236 232 124  72  71 109 234 235 234 231 226 220
 234 237 238 235 235 232 123  72  72 104 233 234 234 232 227 221
 233 234 234 234 234 231 125  72  76 106 227 233 232 231 227 222
 234 234 232 237 235 231 122  71  74 104 229 232 232 230 227 222
 235 234 233 236 234 229 119  74  72 101 228 231 230 228 227 221

 206 212 216 217 217 223 225 225 228 228 226 228 229 230 230 229
 212 217 219 224 224 227 227 229 230 230 233 234 235 235 235 235
 218 224 224 228 230 232 194 189 171 194 239 239 240 239 237 235
 223 229 228 235 237 237 124  92  96 143 243 242 242 240 238 236
 229 234 235 238 239 239 127  98 106 150 243 243 242 240 239 239
 232 238 241 242 242 242 135 101 105 153 242 244 241 241 236 234
 234 241 243 243 247 244 222 215 232 205 126 124 119 118 115 116
 238 244 246 248 247 248 249 248 244 208 104 101  94  95  93  91
 241 247 248 249 247 248 250 249 243 207 107 103  93  99  99  98
 203 206 205 206 206 205 212 210 211 192 149 146 142 146 145 141
  89  88  93  96 101  96  97  99 101 141 244 244 244 243 243 242
  83  85  83  87  92  93  95  93 100 143 246 246 247 246 246 244
  83  87  79  85  91  91  96  96 104 148 246 246 246 246 247 244
  75  83  80  82  83  93 184 200 200 210 247 248 247 247 245 243
  78  86  80  83  84  99 224 249 249 250 249 249 248 247 246 244
  75  82  78  83  83  96 221 249 247 249 249 248 247 246 245 243
 196 199 202 206 209 209 211 215 217 220 221 220 221 222 222 221
 201 205 209 213 216 218 219 221 223 225 225 226 227 227 227 227
 207 211 215 217 220 222 192 187 167 189 230 231 232 231 230 228
 212 215 219 221 223 223 107  82  85 134 231 234 234 232 232 230
 218 220 223 226 229 226 103  74  77 132 234 235 234 233 232 231
 221 225 228 231 232 231 106  78  83 133 236 236 237 235 233 232
 226 229 230 232 233 236 197 188 207 191 126 127 127 126 126 125
 229 231 232 234 237 239 237 236 235 199  82  82  79  76  76  75
 232 234 237 237 239 240 238 237 237 200  85  83  82  79  78  78
 207 210 216 216 215 214 217 212 212 190 118 118 118 118 116 116
  74  77  80  82  81  84  84  85  88 128 230 230 230 229 229 227
  63  66  67  69  70  73  75  77  81 127 235 235 237 236 234 233
  60  60  60  64  67  69  73  76  80 130 238 238 241 240 236 236
  61  56  62  59  63  72 150 164 170 190 243 244 240 243 241 237
  58  58  63  61  66  75 212 237 240 241 245 245 242 243 241 237
  56  55  61  62  68  74 214 237 242 245 245 244 243 242 239 235
 200 205 204 207 209 211 213 216 218 220 221 220 221 222 222 221
 205 208 210 214 216 218 220 224 224 225 225 226 227 227 227 227
 210 212 215 218 221 223 187 175 160 188 230 231 232 231 230 228
 213 217 219 223 225 225 100  70  72 132 232 234 234 232 232 230
 219 222 224 228 230 228 106  76  78 134 234 235 234 233 232 231
 222 227 230 232 233 232 110  79  83 134 232 234 233 227 229 228
 226 230 232 233 235 236 208 201 220 192 105 109 104 106 104 101
 230 233 234 236 238 234 235 235 233 197  81  71  72  76  74  72
 233 235 237 237 238 233 237 237 235 200  80  72  72  72  71  74
 192 192 196 198 198 196 197 197 196 185 125 124 123 125 122 119
  67  66  68  69  70  72  71  74  81 128 232 232 232 231 231 229
  57  59  62  61  61  67  66  72  79 125 236 236 235 234 235 234
  54  56  62  60  61  67  68  78  83 125 238 238 235 234 237 236
  54  57  54  62  65  71 159 178 183 195 234 235 238 234 232 233
  56  60  57  61  63  76 215 237 238 237 236 236 237 234 234 234
  58  58  57  60  61  77 214 239 238 236 236 235 234 233 234 235

