 214 218 222 226 229 229 115  87  94 136 242 241 240 240 241 240
 213 218 223 229 232 232 111  89  93 137 242 237 241 244 245 244
 211 219 222 227 230 230 116  89  97 142 246 240 244 247 248 246
 208 214 221 227 229 229 129  93  91 132 247 238 242 247 247 246
 206 212 217 222 231 227 129  95  98 135 247 242 244 247 245 244
 207 214 218 220 226 224 117  93  97 139 243 241 244 246 247 247
 202 208 178 130 135 140 190 197 201 193 137 135 140 206 248 247
 199 206 155  88  90  96 221 229 234 206  95  99  99 193 247 248
 200 203 172  77  85  92 200 228 231 210  91 101 104 196 245 244
 181 183 141  74  85  86 198 227 230 203  88  97 102 197 244 247
  77  79  78  77  81  82 203 226 227 196  90  89 100 184 245 248
  67  69  72  77  80  98 196 222 227 189  85 100 102 191 243 244
  65  78  80  82  83  93 209 219 224 216  84  99 101 189 241 242
 140 152 153 151 155 158 210 218 222 219 177 181 187 170 152 155
 182 191 197 197 204 207 208 215 221 225 224 226 230 142  89  88
 177 186 194 199 204 205 204 213 217 217 217 221 226 145  86  82
 202 210 217 222 225 227 120  73  72 112 223 232 233 235 236 236
 203 210 216 222 225 227 122  75  74 115 222 234 236 237 238 238
 202 207 212 220 225 228 120  75  76 120 226 235 237 239 240 239
 200 206 209 216 223 226 127  75  75 112 225 237 239 239 239 240
 198 204 209 213 219 223 128  76  73 106 224 236 237 239 240 241
 194 201 205 207 216 220 118  78  81 109 223 234 237 239 240 240
 194 200 173 118 118 119 168 187 189 182 128 125 129 182 238 241
 191 198 157  70  68  72 192 217 224 202  83  80  85 163 238 241
 188 195 173  65  63  68 174 216 223 209  85  76  81 162 239 241
 168 175 140  62  61  67 169 216 222 198  82  72  77 161 236 240
  55  55  54  54  60  65 172 214 219 193  81  70  75 147 235 240
  49  51  53  52  55  64 164 208 215 189  77  70  73 153 233 238
  51  50  52  57  59  65 170 204 213 212  80  72  73 158 229 234
 124 134 135 136 144 150 189 203 209 210 166 162 163 157 138 142
 175 181 185 188 192 193 195 200 207 211 210 212 216 144  72  69
 172 178 182 185 190 191 193 197 204 210 208 211 215 152  65  62
 203 210 210 213 216 215  91  61  64 113 221 219 221 222 223 222
 203 210 210 214 217 217  91  62  64 112 223 221 223 224 225 225
 202 208 211 216 216 217  93  63  65 116 226 222 225 227 228 226
 200 206 210 216 216 215 102  64  67 113 226 223 225 227 227 227
 198 204 209 213 216 214 102  65  68 106 226 223 225 227 227 227
 196 203 207 209 209 211  97  66  71 109 226 222 225 227 227 227
 194 200 162 100 111 117 171 181 179 168 111 115 119 184 227 227
 191 198 138  55  58  65 195 215 216 182  66  68  72 172 226 229
 189 195 158  52  56  64 179 215 216 194  57  65  70 173 225 227
 167 173 129  46  51  56 175 209 212 185  57  62  68 169 225 227
  47  49  50  50  49  53 181 207 209 179  57  61  65 154 224 227
  42  42  45  49  49  59 169 210 210 175  57  61  63 161 223 225
  42  45  46  49  51  58 180 206 211 197  60  58  63 168 221 224
 125 129 128 131 137 144 193 205 208 201 154 153 153 145 129 132
 175 182 186 188 193 195 197 202 206 208 212 214 218 118  61  58
 172 178 183 187 192 193 194 198 202 204 208 209 210 125  57  55

 240 244 246 246 244 247 247 248 244 247 248 244 242 155  88  82
 241 245 248 247 245 247 248 247 245 244 245 243 241 152  89  86
 240 244 247 247 247 246 206 193 196 197 184 191 189 170 142 145
 240 241 244 242 244 244 140  99 104 102 100 102 101 187 230 226
 241 237 240 238 242 241 135  99 101  97  89 100  99 181 226 221
 242 242 246 247 247 243 137  95  91  88  90  85  84 177 224 217
 136 137 142 132 135 139 193 206 210 203 196 189 216 219 225 217
  94  93  97  91  98  97 201 234 231 230 227 227 224 222 221 217
  87  89  89  93  95  93 197 229 228 227 226 222 219 218 215 213
 115 111 116 129 129 117 190 221 200 198 203 196 209 210 208 204
 229 232 230 229 227 224 140  96  92  86  82  98  93 158 207 205
 229 232 230 229 231 226 135  90  85  85  81  80  83 155 204 204
 226 229 227 227 222 220 130  88  77  74  77  77  82 151 197 199
 222 223 222 221 217 218 178 155 172 141  78  72  80 153 197 194
 218 218 219 214 212 214 208 206 203 183  79  69  78 152 191 186
 214 213 211 208 206 207 202 199 200 181  77  67  65 140 182 177
 236 238 239 240 241 240 241 241 241 240 240 238 234 142  69  62
 236 238 240 239 240 240 238 238 239 236 235 233 229 138  72  65
 235 237 239 239 239 239 182 163 162 161 147 153 158 157 144 152
 233 236 237 239 237 237 129  85  81  77  75  73  73 163 216 215
 232 234 235 237 236 234 125  80  76  72  70  70  72 162 212 211
 223 222 226 225 224 223 128  83  85  82  81  77  80 166 210 208
 112 115 120 112 106 109 182 202 209 198 193 189 212 210 211 210
  72  74  76  75  73  81 189 224 223 222 219 215 213 209 207 204
  73  75  75  75  76  78 187 217 216 216 214 208 204 203 200 197
 120 122 120 127 128 118 168 192 174 169 172 164 170 189 195 193
 227 227 228 226 223 220 119  72  68  67  65  64  65 150 193 191
 225 225 225 223 219 216 118  68  63  61  60  55  59 144 192 190
 222 222 220 216 213 207 118  70  65  62  54  52  57 136 188 185
 217 216 212 209 209 205 173 157 173 140  54  53  52 135 185 182
 210 210 207 206 204 201 200 198 195 175  55  51  50 134 181 178
 202 203 202 200 198 194 194 191 188 168  55  49  51 124 175 172
 222 225 226 227 227 227 227 229 227 227 227 225 224 132  58  55
 223 225 228 227 227 227 227 226 225 225 224 223 221 129  61  57
 222 224 227 227 227 227 184 172 173 169 154 161 168 145 118 125
 221 223 225 225 225 225 119  72  70  68  65  63  63 153 218 210
 219 221 222 223 223 222 115  68  65  62  61  61  58 153 214 209
 221 223 226 226 226 226 111  66  57  57  57  57  60 154 212 208
 113 112 116 113 106 109 168 182 194 185 179 175 197 201 208 204
  64  64  65  67  68  71 179 216 216 212 209 210 211 208 206 202
  61  62  63  64  65  66 181 215 215 209 207 210 206 205 202 198
  91  91  93 102 102  97 171 195 179 175 181 169 180 193 197 194
 215 217 217 215 214 211 117  65  64  56  53  59  58 144 195 193
 216 217 216 216 216 209 111  58  56  51  49  49  51 137 193 192
 213 214 216 216 213 209 100  55  52  46  50  49  49 131 188 187
 210 210 211 210 209 207 162 138 158 129  50  45  46 128 186 183
 210 210 208 206 204 203 200 198 195 173  49  42  45 129 182 178
 203 203 202 200 198 196 194 191 189 167  47  42  42 125 175 172

  82  86 145 226 221 217 217 217 213 204 205 204 199 194 186 177
  88  89 142 230 226 224 225 221 215 208 207 204 197 197 191 182
 155 152 170 187 181 177 219 222 218 210 158 155 151 153 152 140
 242 241 189 101  99  84 216 224 219 209  93  83  82  80  78  65
 244 243 191 102 100  85 189 227 222 196  98  80  77  72  69  67
 248 245 184 100  89  90 196 227 226 203  82  81  77  78  79  77
 247 244 197 102  97  88 203 230 227 198  86  85  74 141 183 181
 244 245 196 104 101  91 210 231 228 200  92  85  77 172 203 200
 248 247 193  99  99  95 206 234 229 221  96  90  88 155 206 199
 247 248 206 140 135 137 193 201 197 190 140 135 130 178 208 202
 247 247 246 244 241 243 139  97  93 117 224 226 220 218 214 207
 244 245 247 244 242 247 135  98  95 129 227 231 222 217 212 206
 246 247 247 242 238 247 132  91  93 129 229 229 227 221 214 208
 246 248 247 244 240 246 142  97  89 116 230 230 227 222 219 211
 244 245 244 241 237 242 137  93  89 111 232 232 229 223 218 213
 240 241 240 240 241 242 136  94  87 115 229 229 226 222 218 214
  62  65 152 215 211 208 210 204 197 193 191 190 185 182 178 172
  69  72 144 216 212 210 211 207 200 195 193 192 188 185 181 175
 142 138 157 163 162 166 210 209 203 189 150 144 136 135 134 124
 234 229 158  73  72  80 212 213 204 170  65  59  57  52  50  51
 238 233 153  73  70  77 189 215 208 164  64  55  52  53  51  49
 240 235 147  75  70  81 193 219 214 172  65  60  54  54  55  55
 240 236 161  77  72  82 198 222 216 169  67  61  62 140 175 168
 241 239 162  81  76  85 209 223 216 174  68  63  65 173 195 188
 241 238 163  85  80  83 202 224 217 192  72  68  70 157 198 191
 241 238 182 129 125 128 182 189 187 168 119 118 118 173 200 194
 240 240 239 237 234 223 109  81  78 118 220 216 207 205 201 194
 241 240 239 237 236 224 106  73  76 128 223 219 213 209 204 198
 240 239 239 239 237 225 112  75  75 127 226 223 216 209 206 200
 239 240 239 237 235 226 120  76  75 120 228 225 220 212 207 202
 238 238 237 236 234 222 115  74  75 122 227 225 222 216 210 203
 236 236 235 233 232 223 112  72  73 120 227 225 222 217 210 202
  55  57 125 210 209 208 204 202 198 194 193 192 187 183 178 172
  58  61 118 218 214 212 208 206 202 197 195 193 188 186 182 175
 132 129 145 153 153 154 201 208 205 193 144 137 131 128 129 125
 224 221 168  63  58  60 197 211 206 180  58  51  49  46  45  42
 225 223 161  63  61  57 175 210 210 169  59  49  49  45  42  42
 227 224 154  65  61  57 179 209 207 181  53  49  50  50  49  47
 227 225 169  68  62  57 185 212 209 175  56  51  46 129 173 167
 227 225 173  70  65  57 194 216 215 179  64  56  52 158 195 189
 229 226 172  72  68  66 182 216 215 195  65  58  55 138 198 191
 227 227 184 119 115 111 168 179 181 171 117 111 100 162 200 194
 227 227 227 225 222 226 109  71  66  97 211 209 209 207 203 196
 227 227 227 225 223 226 106  68  65 102 214 216 213 209 204 198
 227 227 227 225 223 226 113  67  64 102 215 216 216 210 206 200
 226 228 227 225 222 226 116  65  63  93 217 216 216 211 208 202
 225 225 224 223 221 223 112  64  62  91 217 217 214 210 210 203
 222 223 222 221 219 221 113  64  61  91 215 216 213 210 210 203

 177 182 140  65  67  77 181 200 199 202 207 206 208 211 213 214
 186 191 152  78  69  79 183 203 206 208 214 212 214 219 218 218
 194 197 153  80  72  78 141 172 155 178 218 217 221 222 223 222
 199 197 151  82  77  77  74  77  88 130 220 222 227 227 229 226
 204 204 155  83  80  81  85  85  90 135 226 231 229 230 232 229
 205 207 158  93  98  82  86  92  96 140 224 227 229 230 232 229
 204 208 210 209 196 203 198 200 221 190 117 129 129 116 111 115
 213 215 218 219 222 226 227 228 229 197  93  95  93  89  89  87
 217 221 222 224 227 227 230 231 234 201  97  98  91  97  93  94
 217 225 219 216 189 196 203 210 206 193 139 135 132 142 137 136
 217 224 177  84  85  90  88  91  95 137 243 247 247 246 242 242
 221 226 181  99 100  89  97 101  99 135 241 242 238 240 237 241
 226 230 187 101 102 100 102 104  99 140 244 244 242 244 241 240
 145 142 170 189 191 184 197 196 193 206 246 247 247 247 244 240
  86  89 152 241 243 245 244 245 247 248 247 245 247 248 245 241
  82  88 155 242 244 248 247 244 248 247 247 244 246 246 244 240
 172 175 124  51  49  55 168 188 191 194 194 198 200 202 203 202
 178 181 134  50  51  55 175 195 198 200 201 204 206 207 210 210
 182 185 135  52  53  54 140 173 157 173 205 209 209 212 216 217
 185 188 136  57  52  54  62  65  70 118 207 213 216 220 222 222
 190 192 144  59  55  60  61  63  68 118 216 219 223 225 225 225
 191 193 150  65  64  65  67  68  72 119 220 223 226 228 227 227
 193 195 189 170 164 172 169 174 192 168 118 128 127 120 122 120
 197 200 203 204 208 214 216 216 217 187  78  76  75  75  75  73
 204 207 209 213 215 219 222 223 224 189  81  73  75  76  74  72
 210 211 210 212 189 193 198 209 202 182 109 106 112 120 115 112
 208 210 166  80  77  81  82  85  83 128 223 224 225 226 222 223
 211 212 162  72  70  70  72  76  80 125 234 236 237 235 234 232
 215 216 163  73  73  75  77  81  85 129 237 237 239 237 236 233
 152 144 157 158 153 147 161 162 163 182 239 239 239 239 237 235
  65  72 138 229 233 235 236 239 238 238 240 240 239 240 238 236
  62  69 142 234 238 240 240 241 241 241 240 241 240 239 238 236
 172 175 125  42  42  47 167 189 191 194 196 198 200 202 203 203
 178 182 129  45  42  49 173 195 198 200 203 204 206 208 210 210
 183 186 128  46  45  50 129 158 138 162 207 209 210 211 210 210
 187 188 131  49  49  50  46  52  55 100 209 213 216 216 214 213
 192 193 137  51  49  49  51  56  58 111 209 216 216 216 217 216
 193 195 144  58  59  53  56  64  65 117 211 214 215 217 217 215
 194 197 193 180 169 181 175 179 195 171  97 102 102  93  91  91
 198 202 205 206 210 207 209 215 215 181  66  65  64  63  62  61
 202 206 208 211 210 209 212 216 216 179  71  68  67  65  64  64
 204 208 201 197 175 179 185 194 182 168 109 106 113 116 112 113
 208 212 154  60  57  57  57  57  66 111 226 226 226 226 223 221
 209 214 153  58  61  61  62  65  68 115 222 223 223 222 221 219
 210 218 153  63  63  65  68  70  72 119 225 225 225 225 223 221
 125 118 145 168 161 154 169 173 172 184 227 227 227 227 224 222
  57  61 129 221 223 224 225 225 226 227 227 227 227 228 225 223
  55  58 132 224 225 227 227 227 229 227 227 227 227 226 225 222

