 230 230 231 233 235 230 126  95  98 145 240 238 239 236 237 239
 232 234 234 237 237 232 117  94  96 139 241 238 239 239 239 240
 233 234 236 237 237 233 116  97  94 139 246 240 243 242 243 244
 233 236 234 235 241 237 116  97 101 143 245 240 243 242 243 244
 230 235 237 238 239 236 117  99 102 143 247 243 243 243 244 245
 233 236 237 238 238 235 122 103 106 141 244 239 242 241 242 245
 230 233 188 130 135 133 215 217 217 198 124 121 126 206 246 245
 231 235 168  97  99 107 244 239 239 203  99 107 109 206 245 245
 229 235 178  94  94 102 244 240 240 209  98 107 110 201 243 245
 229 234 195 131 141 140 235 238 240 228 140 143 146 193 202 204
 229 232 235 234 233 237 240 241 242 242 242 240 240 159 105 108
 226 231 235 235 234 237 239 241 243 244 243 243 244 166  98 102
 222 228 231 232 234 237 240 238 240 241 238 240 240 154 100  96
 136 137 146 151 148 152 233 238 239 222 148 151 150 189 205 206
  71  77  75  80  89  91 226 238 237 205  95  95  96 200 239 242
  63  64  71  73  80  85 225 229 231 204  93  85  87 199 240 241
 224 229 232 233 234 234 130  80  77 120 224 232 237 237 237 237
 226 232 233 236 236 236 121  80  78 115 226 234 238 240 239 240
 227 232 234 236 236 238 120  80  80 116 228 236 241 241 241 242
 227 233 235 236 237 240 126  82  81 118 228 237 241 243 243 242
 228 234 235 236 236 238 126  84  82 118 231 237 241 242 243 243
 227 233 233 234 234 236 127  88  88 121 232 237 240 242 242 243
 224 231 187 127 125 119 197 213 214 197 124 115 117 188 237 243
 223 231 168  85  83  86 217 236 236 205  94  86  90 179 237 243
 223 231 182  86  82  84 218 237 240 212  94  85  87 177 238 243
 222 230 192 127 121 125 219 239 241 230 139 133 132 176 201 201
 221 227 231 230 229 231 233 237 240 241 240 239 240 167  86  83
 218 222 228 231 230 232 233 237 240 242 241 241 242 170  81  80
 214 217 222 225 224 226 229 234 237 239 238 240 240 171  86  81
 119 125 130 131 136 140 209 231 234 223 146 145 147 176 193 193
  54  61  63  64  64  71 201 228 229 216  85  79  78 171 232 237
  52  54  57  59  60  67 192 225 228 208  78  73  74 168 233 239
 222 220 219 220 222 220 106  67  69 127 225 225 223 223 223 223
 224 223 222 223 222 222  97  68  69 123 227 229 228 226 225 226
 224 223 225 226 226 222 100  69  71 121 230 229 227 227 227 228
 224 224 226 227 228 222 101  70  69 121 230 230 227 229 229 228
 222 225 226 227 227 225 102  72  71 124 229 229 227 228 229 229
 224 224 224 225 225 221 107  76  78 124 225 226 226 228 228 229
 224 222 170 105 114 114 199 203 203 182 107 102 105 190 231 229
 223 222 147  68  73  81 221 224 227 186  74  77  81 183 231 229
 223 222 158  68  69  76 223 225 225 193  75  72  77 180 231 229
 222 221 175 111 111 117 220 225 228 210 124 122 124 175 193 187
 221 221 223 221 220 223 225 224 227 227 225 225 226 145  77  76
 218 223 224 222 221 223 225 224 226 228 227 227 228 146  65  65
 214 218 219 219 222 223 224 225 226 225 225 227 227 146  69  68
 119 120 126 130 129 135 213 223 225 206 135 134 136 168 181 179
  48  49  53  57  59  64 207 221 223 195  68  65  66 175 228 227
  39  42  45  47  48  57 198 218 220 186  59  57  62 173 226 225

 239 240 244 244 245 245 245 245 245 204 108 102  96 206 242 241
 237 239 243 243 244 242 246 245 243 202 105  98 100 205 239 240
 236 239 242 242 243 241 206 206 201 193 159 166 154 189 200 199
 239 239 243 243 243 242 126 109 110 146 240 244 240 150  96  87
 238 238 240 240 243 239 121 107 107 143 240 243 240 151  95  85
 240 241 246 245 247 244 124  99  98 140 242 243 238 148  95  93
 145 139 139 143 143 141 198 203 209 228 242 244 241 222 205 204
  98  96  94 101 102 106 217 239 240 240 242 243 240 239 237 231
  95  94  97  97  99 103 217 239 240 238 241 241 238 238 238 229
 126 117 116 116 117 122 215 244 244 235 240 239 240 233 226 225
 230 232 233 237 236 235 133 107 102 140 237 237 237 152  91  85
 235 237 237 241 239 238 135  99  94 141 233 234 234 148  89  80
 233 237 237 235 238 238 130  97  94 131 234 235 232 151  80  73
 231 234 236 234 237 237 188 168 178 195 235 235 231 146  75  71
 230 234 234 236 235 236 233 235 235 234 232 231 228 137  77  64
 230 232 233 233 230 233 230 231 229 229 229 226 222 136  71  63
 237 240 242 242 243 243 243 243 243 201  83  80  81 193 237 239
 237 239 241 243 243 242 237 237 238 201  86  81  86 193 232 233
 237 240 241 243 242 242 188 179 177 176 167 170 171 176 171 168
 237 238 241 241 241 240 117  90  87 132 240 242 240 147  78  74
 232 234 236 237 237 237 115  86  85 133 239 241 240 145  79  73
 224 226 228 228 231 232 124  94  94 139 240 241 238 146  85  78
 120 115 116 118 118 121 197 205 212 230 241 242 239 223 216 208
  77  78  80  81  82  88 214 236 240 241 240 240 237 234 229 228
  80  80  80  82  84  88 213 236 237 239 237 237 234 231 228 225
 130 121 120 126 126 127 197 217 218 219 233 233 229 209 201 192
 234 236 238 240 238 236 119  86  84 125 231 232 226 140  71  67
 234 236 236 237 236 234 125  83  82 121 229 230 224 136  64  60
 233 236 236 236 236 234 127  85  86 127 230 231 225 131  64  59
 232 233 234 235 235 233 187 168 182 192 231 228 222 130  63  57
 229 232 232 233 234 233 231 231 231 230 227 222 217 125  61  54
 224 226 227 227 228 227 224 223 223 222 221 218 214 119  54  52
 223 226 228 228 229 229 229 229 229 187  76  65  68 179 227 225
 223 225 227 229 229 228 231 231 231 193  77  65  69 181 228 226
 223 226 227 229 228 228 190 183 180 175 145 146 146 168 175 173
 223 228 227 227 227 226 105  81  77 124 226 228 227 136  66  62
 225 229 229 230 229 226 102  77  72 122 225 227 227 134  65  57
 225 227 230 230 229 225 107  74  75 124 225 227 225 135  68  59
 127 123 121 121 124 124 182 186 193 210 227 228 225 206 195 186
  69  69  71  69  71  78 203 227 225 228 227 226 226 225 223 220
  67  68  69  70  72  76 203 224 225 225 224 224 225 223 221 218
 106  97 100 101 102 107 199 221 223 220 225 225 224 213 207 198
 220 222 222 222 225 221 114  81  76 117 223 223 223 135  64  57
 222 222 226 228 227 225 114  73  69 111 220 221 222 129  59  48
 220 223 226 227 227 225 105  68  68 111 221 222 219 130  57  47
 219 222 225 226 226 224 170 147 158 175 223 224 219 126  53  45
 220 223 223 224 225 224 222 222 222 221 221 223 218 120  49  42
 222 224 224 224 222 224 224 223 223 222 221 218 214 119  48  39

 241 240 199  87  85  93 204 231 229 225  85  80  73  71  64  63
 242 239 200  96  95  95 205 237 238 226  91  89  80  75  77  71
 206 205 189 150 151 148 222 239 238 233 152 148 151 146 137 136
  96 100 154 240 240 238 241 240 238 240 237 234 232 231 228 222
 102  98 166 244 243 243 244 243 241 239 237 234 235 235 231 226
 108 105 159 240 240 242 242 242 241 240 237 233 234 235 232 229
 204 202 193 146 143 140 228 240 238 235 140 141 131 195 234 229
 245 243 201 110 107  98 209 240 240 244 102  94  94 178 235 229
 245 245 206 109 107  99 203 239 239 244 107  99  97 168 235 231
 245 246 206 126 121 124 198 217 217 215 133 135 130 188 233 230
 245 242 241 242 239 244 141 106 103 122 235 238 238 237 236 233
 245 244 243 243 243 247 143 102  99 117 236 239 238 237 235 230
 244 243 242 243 240 245 143 101  97 116 237 241 235 234 236 233
 244 243 242 243 240 246 139  94  97 116 233 237 237 236 234 233
 240 239 239 239 238 241 139  96  94 117 232 237 237 234 234 232
 239 237 236 239 238 240 145  98  95 126 230 235 233 231 230 230
 239 233 168  74  73  78 208 228 225 192  67  60  59  57  54  52
 237 232 171  78  79  85 216 229 228 201  71  64  64  63  61  54
 193 193 176 147 145 146 223 234 231 209 140 136 131 130 125 119
  81  86 171 240 240 238 239 237 234 229 226 224 225 222 217 214
  80  81 170 242 241 241 242 240 237 233 232 230 231 228 222 218
  83  86 167 240 239 240 241 240 237 233 231 229 230 231 227 221
 201 201 176 132 133 139 230 241 239 219 125 121 127 192 230 222
 243 238 177  87  85  94 212 240 237 218  84  82  86 182 231 223
 243 237 179  90  86  94 205 236 236 217  86  83  85 168 231 223
 243 237 188 117 115 124 197 214 213 197 119 125 127 187 231 224
 243 242 242 240 237 232 121  88  88 127 236 234 234 233 233 227
 243 243 242 241 237 231 118  82  84 126 238 236 236 235 234 228
 242 243 243 241 237 228 118  81  82 126 240 237 236 235 233 227
 242 241 241 241 236 228 116  80  80 120 238 236 236 234 232 227
 240 239 240 238 234 226 115  78  80 121 236 236 236 233 232 226
 237 237 237 237 232 224 120  77  80 130 234 234 233 232 229 224
 225 226 173  62  57  59 186 220 218 198  57  48  47  45  42  39
 227 228 175  66  65  68 195 223 221 207  64  59  57  53  49  48
 179 181 168 136 134 135 206 225 223 213 135 129 130 126 120 119
  68  69 146 227 227 225 225 226 225 224 223 222 219 219 218 214
  65  65 146 228 227 227 228 226 224 225 223 221 222 224 223 218
  76  77 145 226 225 225 227 227 224 225 223 220 221 223 221 221
 187 193 175 124 122 124 210 228 225 220 117 111 111 175 221 222
 229 231 180  77  72  75 193 225 225 223  76  69  68 158 222 223
 229 231 183  81  77  74 186 227 224 221  81  73  68 147 222 223
 229 231 190 105 102 107 182 203 203 199 114 114 105 170 222 224
 229 228 228 226 226 225 124  78  76 107 221 225 225 224 224 224
 229 229 228 227 229 229 124  71  72 102 225 227 227 226 225 222
 228 229 229 227 230 230 121  69  70 101 222 228 227 226 224 224
 228 227 227 227 229 230 121  71  69 100 222 226 226 225 223 224
 226 225 226 228 229 227 123  69  68  97 222 222 223 222 223 224
 223 223 223 223 225 225 127  69  67 106 220 222 220 219 220 222

  63  71 136 222 226 229 229 229 231 230 233 230 233 233 232 230
  64  77 137 228 231 232 234 235 235 233 236 235 236 234 234 230
  71  75 146 231 235 235 195 178 168 188 237 237 234 236 234 231
  73  80 151 232 235 234 131  94  97 130 238 238 235 237 237 233
  80  89 148 234 234 233 141  94  99 135 238 239 241 237 237 235
  85  91 152 237 237 237 140 102 107 133 235 236 237 233 232 230
 225 226 233 240 239 240 235 244 244 215 122 117 116 116 117 126
 229 238 238 238 241 241 238 240 239 217 103  99  97  97  94  95
 231 237 239 240 243 242 240 240 239 217 106 102 101  94  96  98
 204 205 222 241 244 242 228 209 203 198 141 143 143 139 139 145
  93  95 148 238 243 242 140  98  99 124 244 247 245 246 241 240
  85  95 151 240 243 240 143 107 107 121 239 243 240 240 238 238
  87  96 150 240 244 240 146 110 109 126 242 243 243 243 239 239
 199 200 189 154 166 159 193 201 206 206 241 243 242 242 239 236
 240 239 205 100  98 105 202 243 245 246 242 244 243 243 239 237
 241 242 206  96 102 108 204 245 245 245 245 245 244 244 240 239
  52  54 119 214 218 221 222 223 223 224 227 228 227 227 226 224
  54  61 125 217 222 227 230 231 231 231 233 234 233 232 232 229
  57  63 130 222 228 231 192 182 168 187 233 235 235 234 233 232
  59  64 131 225 231 230 127  86  85 127 234 236 236 236 236 233
  60  64 136 224 230 229 121  82  83 125 234 236 237 236 236 234
  67  71 140 226 232 231 125  84  86 119 236 238 240 238 236 234
 192 201 209 229 233 233 219 218 217 197 127 126 126 120 121 130
 225 228 231 234 237 237 239 237 236 213  88  84  82  80  80  80
 228 229 234 237 240 240 241 240 236 214  88  82  81  80  78  77
 208 216 223 239 242 241 230 212 205 197 121 118 118 116 115 120
  78  85 146 238 241 240 139  94  94 124 232 231 228 228 226 224
  73  79 145 240 241 239 133  85  86 115 237 237 237 236 234 232
  74  78 147 240 242 240 132  87  90 117 240 241 241 241 238 237
 168 171 176 171 170 167 176 177 179 188 242 242 243 241 240 237
 233 232 193  86  81  86 201 238 237 237 242 243 243 241 239 237
 239 237 193  81  80  83 201 243 243 243 243 243 242 242 240 237
  39  48 119 214 218 221 222 223 223 224 224 222 224 224 224 222
  42  49 120 218 223 221 221 222 222 222 224 225 224 223 223 220
  45  53 126 219 224 223 175 158 147 170 224 226 226 225 222 219
  47  57 130 219 222 221 111  68  68 105 225 227 227 226 223 220
  48  59 129 222 221 220 111  69  73 114 225 227 228 226 222 222
  57  64 135 223 223 223 117  76  81 114 221 225 222 222 222 220
 198 207 213 224 225 225 220 223 221 199 107 102 101 100  97 106
 218 221 223 225 224 224 225 225 224 203  76  72  70  69  68  67
 220 223 225 226 226 227 228 225 227 203  78  71  69  71  69  69
 186 195 206 225 228 227 210 193 186 182 124 124 121 121 123 127
  59  68 135 225 227 225 124  75  74 107 225 229 230 230 227 225
  57  65 134 227 227 225 122  72  77 102 226 229 230 229 229 225
  62  66 136 227 228 226 124  77  81 105 226 227 227 227 228 223
 173 175 168 146 146 145 175 180 183 190 228 228 229 227 226 223
 226 228 181  69  65  77 193 231 231 231 228 229 229 227 225 223
 225 227 179  68  65  76 187 229 229 229 229 229 228 228 226 223

