 233 232 233 234 236 233 129  78  90 117 245 236 239 238 240 239
 237 234 236 239 238 237 121  92  95 125 243 238 241 241 241 238
 232 235 236 238 238 237 120  95  99 133 245 240 242 243 243 243
 235 237 236 237 237 236 123  94  97 133 246 241 243 243 243 243
 238 239 238 236 239 239 121  96 100 135 247 241 242 244 244 245
 237 240 239 237 239 240 133 101 106 136 247 241 239 242 246 244
 235 238 201 142 146 147 192 202 202 198 131 137 141 191 251 247
 234 236 198  95  97  98 211 239 240 224  92 100 114 180 250 248
 233 234 197  85  93 104 213 240 241 225  94 104 114 182 247 248
 218 216 177  75  82  92 205 245 246 232 129 136 147 195 252 247
  84  82  82  78  79  90 210 241 245 244 245 247 247 247 248 249
  66  68  75  78  77  93 207 243 244 247 248 247 250 250 250 250
  64  68  70  74  74  88 209 243 243 247 249 249 249 250 250 249
  64  72  73  73  83  94 210 242 245 247 249 250 251 251 250 249
  65  62  65  69  77  90 213 240 242 246 248 249 249 251 251 251
  65  62  65  65  70  84 214 238 240 244 246 248 249 249 247 247
 227 227 229 230 230 232 139  81  80 100 227 235 238 237 239 239
 229 229 233 238 237 236 139  82  82 104 229 234 240 240 240 240
 229 230 234 238 237 237 138  81  82 103 232 239 241 242 242 242
 228 232 233 236 238 237 137  82  82 105 232 240 242 242 242 242
 227 235 236 237 239 240 136  84  83 107 233 240 241 243 243 244
 228 236 238 237 238 239 149  88  88 108 233 239 243 245 245 244
 228 230 201 139 136 135 175 194 197 204 135 138 136 185 241 246
 228 231 201  88  81  84 178 238 238 231  93  91  93 163 240 246
 227 229 199  82  74  81 181 238 240 232  93  91  90 162 240 245
 214 214 180  76  72  79 184 239 242 236 132 127 129 180 242 247
  66  71  71  67  70  77 181 239 242 244 242 242 245 246 247 248
  59  58  62  62  67  75 181 238 241 243 246 247 248 249 249 248
  50  53  56  61  65  74 183 238 241 245 246 246 249 250 250 248
  52  50  52  55  61  70 186 236 241 243 246 248 250 250 250 250
  51  51  55  58  60  66 187 233 238 242 245 246 249 249 248 248
  50  50  54  52  57  65 188 229 233 240 242 244 246 247 247 247
 221 227 229 230 230 227 115  69  67  97 231 226 229 228 230 230
 223 229 228 229 228 225 109  72  71 102 233 232 231 231 231 231
 225 230 230 229 228 226 109  75  74 102 234 230 232 233 233 233
 228 232 231 232 229 226 109  74  72 103 236 231 233 233 233 233
 228 228 230 231 230 229 108  75  75 106 235 231 232 234 234 235
 228 227 229 228 229 230 123  78  78 109 236 230 230 232 232 233
 228 230 187 125 128 129 179 192 193 191 120 128 127 179 237 233
 228 231 183  70  72  73 192 226 229 214  73  79  91 164 239 234
 227 229 181  61  65  71 199 228 231 215  73  79  87 162 240 235
 214 208 160  56  61  67 193 229 233 220 113 115 128 180 239 234
  66  66  63  57  58  65 192 229 233 231 229 230 231 232 235 235
  51  54  57  56  56  65 192 230 232 234 234 233 234 235 235 234
  50  53  54  54  54  63 192 230 232 232 234 236 235 236 236 234
  46  52  54  54  55  61 194 228 232 234 235 234 236 236 236 236
  43  44  47  49  55  63 198 230 233 233 234 235 235 237 237 236
  41  41  45  47  53  63 202 230 233 231 233 235 235 236 234 234

 239 238 243 243 245 244 247 248 248 247 249 250 249 249 251 247
 240 241 243 243 244 246 251 250 247 252 248 250 250 250 251 247
 238 241 243 243 244 242 191 180 182 195 247 250 250 251 251 249
 239 241 242 243 242 239 141 114 114 147 247 250 249 251 249 249
 236 238 240 241 241 241 137 100 104 136 247 247 249 250 249 248
 245 243 245 246 247 247 131  92  94 129 245 248 249 249 248 246
 117 125 133 133 135 136 198 224 225 232 244 247 247 247 246 244
  90  95  99  97 100 106 202 240 241 246 245 244 243 245 242 240
  78  92  95  94  96 101 202 239 240 245 241 243 243 242 240 238
 129 121 120 123 121 133 192 211 213 205 210 207 209 210 213 214
 233 237 237 236 239 240 147  98 104  92  90  93  88  94  90  84
 236 238 238 237 239 239 146  97  93  82  79  77  74  83  77  70
 234 239 238 237 236 237 142  95  85  75  78  78  74  73  69  65
 233 236 236 236 238 239 201 198 197 177  82  75  70  73  65  65
 232 234 235 237 239 240 238 236 234 216  82  68  68  72  62  62
 233 237 232 235 238 237 235 234 233 218  84  66  64  64  65  65
 239 240 242 242 244 244 246 246 245 247 248 248 248 250 248 247
 239 240 242 242 243 245 241 240 240 242 247 249 250 250 248 247
 237 240 242 242 243 245 185 163 162 180 246 249 250 250 249 247
 238 240 241 242 241 243 136  93  90 129 245 248 249 250 249 246
 235 234 239 240 240 239 138  91  91 127 242 247 246 248 246 244
 227 229 232 232 233 233 135  93  93 132 242 246 246 246 245 242
 100 104 103 105 107 108 204 231 232 236 244 243 245 243 242 240
  80  82  82  82  83  88 197 238 240 242 242 241 241 241 238 233
  81  82  81  82  84  88 194 238 238 239 239 238 238 236 233 229
 139 139 138 137 136 149 175 178 181 184 181 181 183 186 187 188
 232 236 237 237 240 239 135  84  81  79  77  75  74  70  66  65
 230 237 237 238 239 238 136  81  74  72  70  67  65  61  60  57
 230 238 238 236 237 237 139  88  82  76  67  62  61  55  58  52
 229 233 234 233 236 238 201 201 199 180  71  62  56  52  55  54
 227 229 230 232 235 236 230 231 229 214  71  58  53  50  51  50
 227 229 229 228 227 228 228 228 227 214  66  59  50  52  51  50
 230 231 233 233 235 233 233 234 235 234 235 234 234 236 236 234
 230 231 233 233 234 232 237 239 240 239 235 235 236 236 237 234
 228 231 233 233 234 232 179 164 162 180 232 235 236 236 237 236
 229 231 232 233 232 230 127  91  87 128 231 234 235 236 235 235
 226 232 230 231 231 230 128  79  79 115 230 233 236 234 235 235
 231 233 234 236 235 236 120  73  73 113 229 234 234 235 234 233
  97 102 102 103 106 109 191 214 215 220 231 234 232 234 233 231
  67  71  74  72  75  78 193 229 231 233 233 232 232 232 233 233
  69  72  75  74  75  78 192 226 228 229 229 230 230 228 230 230
 115 109 109 109 108 123 179 192 199 193 192 192 192 194 198 202
 227 225 226 226 229 230 129  73  71  67  65  65  63  61  63  63
 230 228 228 229 230 229 128  72  65  61  58  56  54  55  55  53
 230 229 229 232 231 228 125  70  61  56  57  56  54  54  49  47
 229 228 230 231 230 229 187 183 181 160  63  57  54  54  47  45
 227 229 230 232 228 227 230 231 229 208  66  54  53  52  44  41
 221 223 225 228 228 228 228 228 227 214  66  51  50  46  43  41

 247 247 249 249 248 246 244 240 238 214  84  70  65  65  62  65
 251 251 251 249 249 248 246 242 240 213  90  77  69  65  62  65
 249 250 251 251 250 249 247 245 242 210  94  83  73  73  72  64
 249 250 250 249 249 249 247 243 243 209  88  74  74  70  68  64
 250 250 250 250 247 248 247 244 243 207  93  77  78  75  68  66
 249 248 247 247 247 245 244 245 241 210  90  79  78  82  82  84
 247 252 195 147 136 129 232 246 245 205  92  82  75 177 216 218
 248 247 182 114 104  94 225 241 240 213 104  93  85 197 234 233
 248 250 180 114 100  92 224 240 239 211  98  97  95 198 236 234
 247 251 191 141 137 131 198 202 202 192 147 146 142 201 238 235
 244 246 242 239 241 247 136 106 101 133 240 239 237 239 240 237
 245 244 244 242 241 247 135 100  96 121 239 239 236 238 239 238
 243 243 243 243 241 246 133  97  94 123 236 237 237 236 237 235
 243 243 243 242 240 245 133  99  95 120 237 238 238 236 235 232
 238 241 241 241 238 243 125  95  92 121 237 238 239 236 234 237
 239 240 238 239 236 245 117  90  78 129 233 236 234 233 232 233
 247 247 247 246 244 242 240 233 229 188  65  57  52  54  50  50
 248 248 249 249 246 245 242 238 233 187  66  60  58  55  51  51
 250 250 250 250 248 246 243 241 236 186  70  61  55  52  50  52
 248 250 250 249 246 246 245 241 238 183  74  65  61  56  53  50
 248 249 249 248 247 246 243 241 238 181  75  67  62  62  58  59
 248 247 246 245 242 242 244 242 239 181  77  70  67  71  71  66
 247 242 180 129 127 132 236 242 239 184  79  72  76 180 214 214
 245 240 162  90  91  93 232 240 238 181  81  74  82 199 229 227
 246 240 163  93  91  93 231 238 238 178  84  81  88 201 231 228
 246 241 185 136 138 135 204 197 194 175 135 136 139 201 230 228
 244 245 245 243 239 233 108  88  88 149 239 238 237 238 236 228
 244 243 243 241 240 233 107  83  84 136 240 239 237 236 235 227
 242 242 242 242 240 232 105  82  82 137 237 238 236 233 232 228
 242 242 242 241 239 232 103  82  81 138 237 237 238 234 230 229
 240 240 240 240 234 229 104  82  82 139 236 237 238 233 229 229
 239 239 237 238 235 227 100  80  81 139 232 230 230 229 227 227
 234 234 236 235 235 233 231 233 230 202  63  53  47  45  41  41
 236 237 237 235 235 234 233 233 230 198  63  55  49  47  44  43
 236 236 236 236 234 235 234 232 228 194  61  55  54  54  52  46
 234 236 236 235 236 234 232 232 230 192  63  54  54  54  53  50
 234 235 235 234 233 234 234 232 230 192  65  56  56  57  54  51
 235 235 232 231 230 229 231 233 229 192  65  58  57  63  66  66
 234 239 180 128 115 113 220 233 229 193  67  61  56 160 208 214
 235 240 162  87  79  73 215 231 228 199  71  65  61 181 229 227
 234 239 164  91  79  73 214 229 226 192  73  72  70 183 231 228
 233 237 179 127 128 120 191 193 192 179 129 128 125 187 230 228
 233 232 232 230 230 236 109  78  78 123 230 229 228 229 227 228
 235 234 234 232 231 235 106  75  75 108 229 230 231 230 228 228
 233 233 233 233 231 236 103  72  74 109 226 229 232 231 232 228
 233 233 233 232 230 234 102  74  75 109 226 228 229 230 230 225
 231 231 231 231 232 233 102  71  72 109 225 228 229 228 229 223
 230 230 228 229 226 231  97  67  69 115 227 230 230 229 227 221

  65  65  64  64  66  84 218 233 234 235 237 238 235 232 237 233
  62  62  72  68  68  82 216 234 236 238 240 239 237 235 234 232
  65  65  73  70  75  82 177 197 198 201 239 238 236 236 236 233
  65  69  73  74  78  78  75  85  95 142 237 236 237 238 239 234
  70  77  83  74  77  79  82  93  97 146 239 239 237 238 238 236
  84  90  94  88  93  90  92 104  98 147 240 239 236 237 237 233
 214 213 210 209 207 210 205 213 211 192 133 121 123 120 121 129
 238 240 242 243 243 241 245 240 239 202 101  96  94  95  92  78
 240 242 245 243 244 245 246 241 240 202 106 100  97  99  95  90
 244 246 247 247 247 244 232 225 224 198 136 135 133 133 125 117
 246 248 249 249 248 245 129  94  92 131 247 247 246 245 243 245
 248 249 250 249 247 247 136 104 100 137 241 241 241 240 238 236
 249 249 251 249 250 247 147 114 114 141 239 242 243 242 241 239
 249 251 251 250 250 247 195 182 180 191 242 244 243 243 241 238
 247 251 250 250 250 248 252 247 250 251 246 244 243 243 241 240
 247 251 249 249 250 249 247 248 248 247 244 245 243 243 238 239
  50  51  52  50  59  66 214 227 228 228 228 227 228 229 229 227
  50  51  50  53  58  71 214 229 231 230 236 235 232 230 229 227
  54  55  52  56  62  71 180 199 201 201 238 236 233 234 233 229
  52  58  55  61  62  67  76  82  88 139 237 237 236 238 238 230
  57  60  61  65  67  70  72  74  81 136 238 239 238 237 237 230
  65  66  70  74  75  77  79  81  84 135 239 240 237 237 236 232
 188 187 186 183 181 181 184 181 178 175 149 136 137 138 139 139
 229 233 236 238 238 239 239 238 238 194  88  84  82  81  82  81
 233 238 241 241 241 242 242 240 238 197  88  83  82  82  82  80
 240 242 243 245 243 244 236 232 231 204 108 107 105 103 104 100
 242 245 246 246 246 242 132  93  93 135 233 233 232 232 229 227
 244 246 248 246 247 242 127  91  91 138 239 240 240 239 234 235
 246 249 250 249 248 245 129  90  93 136 243 241 242 241 240 238
 247 249 250 250 249 246 180 162 163 185 245 243 242 242 240 237
 247 248 250 250 249 247 242 240 240 241 245 243 242 242 240 239
 247 248 250 248 248 248 247 245 246 246 244 244 242 242 240 239
  41  43  46  50  51  66 214 227 228 228 228 228 228 225 223 221
  41  44  52  53  54  66 208 229 231 230 227 228 232 230 229 227
  45  47  54  54  57  63 160 181 183 187 229 230 231 230 228 229
  47  49  54  54  56  57  56  61  70 125 228 231 232 229 229 230
  53  55  55  54  56  58  61  65  72 128 229 230 229 228 228 230
  63  63  61  63  65  65  67  71  73 129 230 229 226 226 225 227
 202 198 194 192 192 192 193 199 192 179 123 108 109 109 109 115
 230 230 228 230 230 229 229 228 226 192  78  75  74  75  72  69
 233 233 232 232 232 233 233 231 229 193  78  75  72  74  71  67
 231 233 234 232 234 231 220 215 214 191 109 106 103 102 102  97
 233 234 235 234 234 229 113  73  73 120 236 235 236 234 233 231
 235 235 234 236 233 230 115  79  79 128 230 231 231 230 232 226
 235 235 236 235 234 231 128  87  91 127 230 232 233 232 231 229
 236 237 236 236 235 232 180 162 164 179 232 234 233 233 231 228
 234 237 236 236 235 235 239 240 239 237 232 234 233 233 231 230
 234 236 236 234 234 235 234 235 234 233 233 235 233 233 231 230

