 230 233 235 234 232 230 109  94  97 139 244 240 239 239 243 239
 231 234 236 237 238 235 115  95  96 130 247 241 242 244 245 243
 236 238 239 239 238 235 117  92  94 132 246 240 244 245 246 243
 237 238 240 240 239 233 117  89 102 140 248 244 243 244 247 246
 236 239 241 241 242 238 115  98 102 138 247 245 244 244 248 246
 237 239 241 241 241 238 131 108 109 150 248 242 243 245 247 248
 235 239 190 131 138 139 207 209 210 200 131 140 144 202 247 248
 234 237 182  90  96 101 231 242 241 221 101 107 106 187 246 247
 233 237 184  83  92 100 236 241 243 222 100 108 112 187 247 248
 233 237 175  88  96 100 232 243 244 225 132 136 143 198 249 248
 234 234 176  90  91 102 235 243 247 248 245 244 245 247 249 248
 231 235 172  84  88  94 238 246 251 248 247 246 248 249 249 248
 231 234 165  94  94 104 244 243 246 250 248 248 248 250 249 247
 155 156 162 175 185 189 233 243 245 243 176 179 170 162 159 160
  83  90 162 237 233 236 239 242 243 233  95 100 104 107 102 101
  77  83 161 231 233 236 239 241 241 224  79  95  94  85  85  86
 225 227 228 229 230 233 119  77  76 110 225 232 233 234 237 239
 225 228 230 230 231 238 123  77  77 101 226 233 237 240 241 241
 228 230 231 232 233 238 125  82  82 105 228 234 238 238 242 243
 228 230 232 233 234 237 124  82  82 112 231 236 241 243 243 243
 229 231 233 233 235 235 124  81  81 113 229 237 240 243 244 245
 228 231 233 233 233 234 134  93  91 118 230 235 239 241 242 244
 228 231 191 129 129 125 188 206 205 195 126 129 129 180 239 242
 230 229 184  87  81  81 202 233 235 225  95  86  91 163 238 241
 228 229 187  84  76  78 203 236 239 226  94  86  90 162 239 242
 227 229 176  81  72  73 201 239 242 230 130 128 126 177 245 245
 226 228 177  79  74  76 204 241 243 244 239 236 238 240 245 245
 225 227 174  76  70  77 212 238 242 244 242 239 243 245 245 246
 222 226 170  78  77  80 215 237 239 243 241 241 241 243 245 244
 138 144 143 162 172 171 217 236 239 238 163 158 155 154 162 159
  61  68 121 219 225 228 231 234 235 235  89  76  76  78  75  75
  57  60 129 218 225 228 231 233 233 229  80  72  70  71  68  67
 224 227 228 229 230 225  93  72  74 119 234 232 233 234 232 229
 225 228 230 230 231 228 102  75  75 111 236 233 232 233 232 232
 227 230 231 232 233 225 105  74  76 114 237 234 236 236 233 232
 228 230 232 233 234 225 107  74  75 114 239 236 234 234 234 233
 227 231 233 233 235 227  97  80  79 114 235 237 234 234 235 234
 228 231 233 233 233 228 111  81  82 121 235 233 233 234 235 236
 227 231 176 116 128 125 192 200 199 188 117 124 125 187 239 239
 225 229 162  70  74  76 214 230 233 210  77  81  81 176 238 237
 225 229 168  65  69  74 220 230 233 209  72  79  82 175 239 238
 225 229 159  64  71  74 216 230 232 214 116 120 117 186 236 235
 225 228 161  62  66  71 220 231 234 235 234 236 236 238 236 235
 222 227 156  55  72  77 226 232 236 235 236 237 236 236 236 235
 221 226 149  65  66  73 229 233 237 235 233 233 233 235 236 234
 137 141 148 158 166 167 221 231 235 227 155 153 154 154 152 150
  55  58 140 224 225 228 231 234 235 221  71  72  68  68  70  72
  49  54 138 222 225 228 231 233 233 215  57  62  60  60  62  61

 239 243 243 246 246 248 248 247 248 248 248 248 247 160 101  86
 243 245 246 247 248 247 247 246 247 249 249 249 249 159 102  85
 239 244 245 244 244 245 202 187 187 198 247 249 250 162 107  85
 239 242 244 243 244 243 144 106 112 143 245 248 248 170 104  94
 240 241 240 244 245 242 140 107 108 136 244 246 248 179 100  95
 244 247 246 248 247 248 131 101 100 132 245 247 248 176  95  79
 139 130 132 140 138 150 200 221 222 225 248 248 250 243 233 224
  97  96  94 102 102 109 210 241 243 244 247 251 246 245 243 241
  94  95  92  89  98 108 209 242 241 243 243 246 243 243 242 241
 109 115 117 117 115 131 207 231 236 232 235 238 244 233 239 239
 230 235 235 233 238 238 139 101 100 100 102  94 104 189 236 236
 232 238 238 239 242 241 138  96  92  96  91  88  94 185 233 233
 234 237 239 240 241 241 131  90  83  88  90  84  94 175 237 231
 235 236 239 240 241 241 190 182 184 175 176 172 165 162 162 161
 233 234 238 238 239 239 239 237 237 237 234 235 234 156  90  83
 230 231 236 237 236 237 235 234 233 233 234 231 231 155  83  77
 239 241 243 243 245 244 242 241 242 245 245 246 244 159  75  67
 237 241 242 243 244 242 239 238 239 245 245 245 245 162  75  68
 234 240 238 243 243 241 180 163 162 177 240 245 243 154  78  71
 233 237 238 241 240 239 129  91  90 126 238 243 241 155  76  70
 232 233 234 236 237 235 129  86  86 128 236 239 241 158  76  72
 225 226 228 231 229 230 126  95  94 130 239 242 241 163  89  80
 110 101 105 112 113 118 195 225 226 230 244 244 243 238 235 229
  76  77  82  82  81  91 205 235 239 242 243 242 239 239 235 233
  77  77  82  82  81  93 206 233 236 239 241 238 237 236 234 233
 119 123 125 124 124 134 188 202 203 201 204 212 215 217 231 231
 233 238 238 237 235 234 125  81  78  73  76  77  80 171 228 228
 230 231 233 234 235 233 129  81  76  72  74  70  77 172 225 225
 229 230 232 233 233 233 129  87  84  81  79  76  78 162 219 218
 228 230 231 232 233 233 191 184 187 176 177 174 170 143 121 129
 227 228 230 230 231 231 231 229 229 229 228 227 226 144  68  60
 225 225 228 228 229 228 228 230 228 227 226 225 222 138  61  57
 229 232 232 233 234 236 239 237 238 235 235 235 234 150  72  61
 232 232 233 234 235 235 239 238 239 236 236 236 236 152  70  62
 234 233 236 234 234 234 187 176 175 186 238 236 235 154  68  60
 233 232 236 234 234 233 125  81  82 117 236 236 233 154  68  60
 232 233 234 236 237 233 124  81  79 120 236 237 233 153  72  62
 234 236 237 239 235 235 117  77  72 116 234 236 233 155  71  57
 119 111 114 114 114 121 188 210 209 214 235 235 235 227 221 215
  74  75  76  75  79  82 199 233 233 232 234 236 237 235 235 233
  72  75  74  74  80  81 200 230 230 230 231 232 233 231 234 233
  93 102 105 107  97 111 192 214 220 216 220 226 229 221 231 231
 225 228 225 225 227 228 125  76  74  74  71  77  73 167 228 228
 230 231 233 234 235 233 128  74  69  71  66  72  66 166 225 225
 229 230 232 233 233 233 116  70  65  64  62  55  65 158 224 222
 228 230 231 232 233 233 176 162 168 159 161 156 149 148 140 138
 227 228 230 230 231 231 231 229 229 229 228 227 226 141  58  54
 224 225 227 228 227 228 227 225 225 225 225 222 221 137  55  49

  86  85  85  94  95  79 224 241 241 239 236 233 231 161  83  77
 101 102 107 104 100  95 233 243 242 239 236 233 237 162  90  83
 160 159 162 170 179 176 243 245 243 233 189 185 175 162 156 155
 247 249 250 248 248 248 250 246 243 244 104  94  94 165 234 231
 248 249 249 248 246 247 248 251 246 238  94  88  84 172 235 231
 248 249 247 245 244 245 248 247 243 235 102  91  90 176 234 234
 248 249 198 143 136 132 225 244 243 232 100  96  88 175 237 233
 248 247 187 112 108 100 222 243 241 236 100  92  83 184 237 233
 247 246 187 106 107 101 221 241 242 231 101  96  90 182 237 234
 248 247 202 144 140 131 200 210 209 207 139 138 131 190 239 235
 248 247 245 243 242 248 150 109 108 131 238 241 241 241 239 237
 246 248 244 244 245 247 138 102  98 115 238 242 241 241 239 236
 246 247 244 243 244 248 140 102  89 117 233 239 240 240 238 237
 243 246 245 244 240 246 132  94  92 117 235 238 239 239 238 236
 243 245 244 242 241 247 130  96  95 115 235 238 237 236 234 231
 239 243 239 239 240 244 139  97  94 109 230 232 234 235 233 230
  67  68  71  70  72  80 229 233 233 231 228 225 218 129  60  57
  75  75  78  76  76  89 235 235 234 231 228 225 219 121  68  61
 159 162 154 155 158 163 238 239 236 217 171 172 162 143 144 138
 244 245 243 241 241 241 243 239 237 215  80  77  78 170 226 222
 246 245 245 243 239 242 244 242 238 212  77  70  76 174 227 225
 245 245 240 238 236 239 244 243 241 204  76  74  79 177 228 226
 245 245 177 126 128 130 230 242 239 201  73  72  81 176 229 227
 242 239 162  90  86  94 226 239 236 203  78  76  84 187 229 228
 241 238 163  91  86  95 225 235 233 202  81  81  87 184 229 230
 242 239 180 129 129 126 195 205 206 188 125 129 129 191 231 228
 244 242 241 239 235 230 118  91  93 134 234 233 233 233 231 228
 245 244 243 240 237 229 113  81  81 124 235 235 233 233 231 229
 243 243 243 241 236 231 112  82  82 124 237 234 233 232 230 228
 243 242 238 238 234 228 105  82  82 125 238 233 232 231 230 228
 241 241 240 237 233 226 101  77  77 123 238 231 230 230 228 225
 239 237 234 233 232 225 110  76  77 119 233 230 229 228 227 225
  61  62  60  60  62  57 215 233 233 231 228 225 222 138  54  49
  72  70  68  68  72  71 221 235 234 231 228 225 224 140  58  55
 150 152 154 154 153 155 227 235 231 221 167 166 158 148 141 137
 234 236 235 233 233 233 235 237 233 229  73  66  65 149 226 221
 235 236 236 236 237 236 235 236 232 226  77  72  55 156 227 222
 235 236 238 236 236 234 235 234 231 220  71  66  62 161 228 225
 235 236 186 117 120 116 214 232 230 216  74  71  64 159 229 225
 238 239 175  82  79  72 209 233 230 220  74  69  65 168 229 225
 237 238 176  81  81  77 210 233 230 214  76  74  70 162 229 225
 239 239 187 125 124 117 188 199 200 192 125 128 116 176 231 227
 236 235 234 233 233 235 121  82  81 111 228 233 233 233 231 228
 234 235 234 234 237 235 114  79  80  97 227 235 233 233 231 227
 233 234 234 234 236 239 114  75  74 107 225 234 233 232 230 228
 232 233 236 236 234 237 114  76  74 105 225 233 232 231 230 227
 232 232 233 232 233 236 111  75  75 102 228 231 230 230 228 225
 229 232 234 233 232 234 119  74  72  93 225 230 229 228 227 224

  77  83 155 231 231 234 233 233 234 235 237 236 237 236 231 230
  83  90 156 234 235 234 237 237 237 239 239 239 238 238 234 233
 161 162 162 165 172 176 175 184 182 190 241 241 240 239 236 235
 231 237 175  94  84  90  88  83  90 131 241 241 240 239 237 234
 233 233 185  94  88  91  96  92  96 138 241 242 239 238 238 232
 236 236 189 104  94 102 100 100 101 139 238 238 233 235 235 230
 239 239 233 244 238 235 232 236 231 207 131 115 117 117 115 109
 241 242 243 243 246 243 243 241 242 209 108  98  89  92  95  94
 241 243 245 246 251 247 244 243 241 210 109 102 102  94  96  97
 224 233 243 250 248 248 225 222 221 200 150 138 140 132 130 139
  79  95 176 248 247 245 132 100 101 131 248 247 248 246 247 244
  95 100 179 248 246 244 136 108 107 140 242 245 244 240 241 240
  94 104 170 248 248 245 143 112 106 144 243 244 243 244 242 239
  85 107 162 250 249 247 198 187 187 202 245 244 244 245 244 239
  85 102 159 249 249 249 249 247 246 247 247 248 247 246 245 243
  86 101 160 247 248 248 248 248 247 248 248 246 246 243 243 239
  57  61 138 222 225 226 227 228 230 228 228 229 228 228 225 225
  60  68 144 226 227 228 229 229 229 231 231 231 230 230 228 227
 129 121 143 170 174 177 176 187 184 191 233 233 232 231 230 228
 218 219 162  78  76  79  81  84  87 129 233 233 233 232 230 229
 225 225 172  77  70  74  72  76  81 129 233 235 234 233 231 230
 228 228 171  80  77  76  73  78  81 125 234 235 237 238 238 233
 231 231 217 215 212 204 201 203 202 188 134 124 124 125 123 119
 233 234 236 237 238 241 239 236 233 206  93  81  82  82  77  77
 233 235 239 239 242 243 242 239 235 205  91  81  82  82  77  76
 229 235 238 243 244 244 230 226 225 195 118 113 112 105 101 110
  80  89 163 241 242 239 130  94  95 126 230 229 231 228 226 225
  72  76 158 241 239 236 128  86  86 129 235 237 236 234 233 232
  70  76 155 241 243 238 126  90  91 129 239 240 241 238 237 233
  71  78 154 243 245 240 177 162 163 180 241 243 243 238 240 234
  68  75 162 245 245 245 245 239 238 239 242 244 243 242 241 237
  67  75 159 244 246 245 245 242 241 242 244 245 243 243 241 239
  49  55 137 221 222 225 225 225 225 227 228 227 228 227 225 224
  54  58 141 226 227 228 229 229 229 231 231 231 230 230 228 227
 138 140 148 149 156 161 159 168 162 176 233 233 232 231 230 228
 222 224 158  65  55  62  64  65  70 116 233 233 233 232 230 229
 225 225 166  66  72  66  71  69  74 128 233 235 234 233 231 230
 228 228 167  73  77  71  74  74  76 125 228 227 225 225 228 225
 231 231 221 229 226 220 216 220 214 192 111  97 107 105 102  93
 233 234 231 233 232 231 230 230 230 200  81  80  74  74  75  72
 233 235 235 237 236 234 232 233 233 199  82  79  75  76  75  74
 215 221 227 235 235 235 214 209 210 188 121 114 114 114 111 119
  57  71 155 233 236 234 116  72  77 117 235 235 239 237 236 234
  62  72 153 233 237 236 120  79  81 124 233 237 236 234 233 232
  60  68 154 233 236 236 117  82  81 125 233 234 234 236 232 233
  60  68 154 235 236 238 186 175 176 187 234 234 234 236 233 234
  62  70 152 236 236 236 236 239 238 239 235 235 234 233 232 232
  61  72 150 234 235 235 235 238 237 239 236 234 233 232 232 229

