 223 227 231 232 235 233 124  88  96 129 245 236 240 239 239 241
 226 230 233 235 235 232 128  94  91 127 247 238 242 243 243 243
 227 231 235 238 239 234 125  92  96 143 246 243 244 243 244 245
 225 231 234 237 239 236 131  89  96 141 242 246 244 243 243 243
 225 231 233 237 240 235 121 102 104 150 243 243 245 245 245 251
 225 230 234 235 238 236 128 100 108 136 243 244 246 245 245 247
 222 227 200 144 151 150 184 193 198 189 150 151 152 205 249 247
 220 229 183  97 102 107 211 241 242 222 102 107 111 195 251 247
 219 224 180  91  94  96 213 240 241 215 100  97 109 176 250 246
 204 210 174 105 116 126 226 241 241 221 118 125 137 185 232 231
  90  87 154 227 227 231 236 241 244 243 243 243 240 165 107  98
  74  82 146 227 226 233 238 242 243 245 246 248 244 157  97  89
  74  79 148 223 226 232 236 238 241 244 244 245 241 161  91  91
  68  74 149 223 223 230 232 236 241 241 242 243 240 157  83  86
  65  72 133 219 220 226 229 231 234 240 240 241 238 158  86  82
  66  71 140 215 218 220 224 229 232 233 234 237 234 155  86  85
 216 222 225 225 227 230 126  75  73 103 223 233 236 237 237 237
 219 223 226 228 229 233 130  75  74  97 225 234 238 239 239 239
 219 223 227 230 231 235 126  76  80 112 226 233 240 241 241 241
 220 223 227 229 231 234 135  79  79 111 227 233 240 241 242 242
 219 223 226 230 232 234 129  79  80 117 227 235 241 242 242 241
 217 222 226 227 230 233 131  83  85 102 228 235 240 240 240 243
 217 219 196 140 139 138 171 182 189 185 138 134 137 191 237 243
 213 217 184  82  77  79 183 230 231 225  89  85  85 172 240 243
 212 216 181  81  73  81 190 234 237 218  91  82  83 152 239 242
 196 207 172  98  93 103 205 236 238 227 115 113 105 155 223 229
  66  68 126 215 219 223 228 230 233 238 237 236 241 169  90  83
  55  57 112 213 220 224 227 231 232 238 238 238 242 168  81  73
  51  58 118 209 218 223 226 228 232 232 236 239 241 164  77  69
  51  54 123 208 215 222 224 225 229 231 233 235 238 161  75  70
  48  53 105 203 213 218 221 223 226 229 231 233 236 159  74  66
  42  49 106 198 208 213 216 221 224 227 228 229 231 165  71  61
 217 222 225 225 227 225 100  70  69 109 229 224 227 228 228 228
 219 223 226 228 229 224 110  77  71 103 228 230 229 230 230 230
 219 223 227 230 231 226 108  72  71 119 229 232 231 232 232 232
 214 223 227 229 231 226 109  73  68 119 229 233 231 232 233 233
 215 223 226 230 232 227 100  69  69 125 232 233 232 233 233 234
 214 222 226 227 230 227 114  75  75 107 233 233 234 234 234 234
 211 219 187 131 140 136 173 183 189 179 134 133 135 193 235 234
 210 218 162  66  70  74 198 231 232 204  72  76  80 176 234 234
 208 216 169  61  69  75 196 227 230 197  73  71  78 157 233 233
 197 206 162  83  86  96 211 226 228 212 100  97 101 162 216 222
  63  70 138 215 219 223 228 231 232 229 228 229 226 148  78  80
  51  60 126 216 217 224 228 232 232 230 230 231 228 147  66  64
  49  53 128 213 215 223 227 229 232 232 231 231 227 146  65  60
  44  51 133 209 216 222 224 226 230 232 233 235 229 139  62  60
  47  48 117 210 213 218 221 223 226 230 231 233 229 134  61  60
  46  45 119 207 209 213 216 221 224 227 228 229 228 140  59  60

 241 243 245 243 251 247 247 247 246 231  98  89  91  86  82  85
 239 243 244 243 245 245 249 251 250 232 107  97  91  83  86  86
 239 243 243 243 245 245 205 195 176 185 165 157 161 157 158 155
 240 242 244 244 245 246 152 111 109 137 240 244 241 240 238 234
 236 238 243 246 243 244 151 107  97 125 243 248 245 243 241 237
 245 247 246 242 243 243 150 102 100 118 243 246 244 242 240 234
 129 127 143 141 150 136 189 222 215 221 243 245 244 241 240 233
  96  91  96  96 104 108 198 242 241 241 244 243 241 241 234 232
  88  94  92  89 102 100 193 241 240 241 241 242 238 236 231 229
 124 128 125 131 121 128 184 211 213 226 236 238 236 232 229 224
 233 232 234 236 235 236 150 107  96 126 231 233 232 230 226 220
 235 235 239 239 240 238 151 102  94 116 227 226 226 223 220 218
 232 235 238 237 237 235 144  97  91 105 227 227 223 223 219 215
 231 233 235 234 233 234 200 183 180 174 154 146 148 149 133 140
 227 230 231 231 231 230 227 229 224 210  87  82  79  74  72  71
 223 226 227 225 225 225 222 220 219 204  90  74  74  68  65  66
 237 239 241 242 241 243 243 243 242 229  83  73  69  70  66  61
 237 239 241 242 242 240 237 240 239 223  90  81  77  75  74  71
 237 239 241 241 242 240 191 172 152 155 169 168 164 161 159 165
 236 238 240 240 241 240 137  85  83 105 241 242 241 238 236 231
 233 234 233 233 235 235 134  85  82 113 236 238 239 235 233 229
 223 225 226 227 227 228 138  89  91 115 237 238 236 233 231 228
 103  97 112 111 117 102 185 225 218 227 238 238 232 231 229 227
  73  74  80  79  80  85 189 231 237 238 233 232 232 229 226 224
  75  75  76  79  79  83 182 230 234 236 230 231 228 225 223 221
 126 130 126 135 129 131 171 183 190 205 228 227 226 224 221 216
 230 233 235 234 234 233 138  79  81 103 223 224 223 222 218 213
 227 229 231 231 232 230 139  77  73  93 219 220 218 215 213 208
 225 228 230 229 230 227 140  82  81  98 215 213 209 208 203 198
 225 226 227 227 226 226 196 184 181 172 126 112 118 123 105 106
 222 223 223 223 223 222 219 217 216 207  68  57  58  54  53  49
 216 219 219 220 219 217 217 213 212 196  66  55  51  51  48  42
 228 230 232 233 234 234 234 234 233 222  80  64  60  60  60  60
 228 230 232 233 233 234 235 234 233 216  78  66  65  62  61  59
 228 230 232 232 233 234 193 176 157 162 148 147 146 139 134 140
 227 229 231 231 232 234 135  80  78 101 226 228 227 229 229 228
 224 230 232 233 233 233 133  76  71  97 229 231 231 235 233 229
 229 228 229 229 232 233 134  72  73 100 228 230 231 233 231 228
 109 103 119 119 125 107 179 204 197 212 229 230 232 232 230 227
  69  71  71  68  69  75 189 232 230 228 232 232 232 230 226 224
  70  77  72  73  69  75 183 231 227 226 231 232 229 226 223 221
 100 110 108 109 100 114 173 198 196 211 228 228 227 224 221 216
 225 224 226 226 227 227 136  74  75  96 223 224 223 222 218 213
 227 229 231 231 232 230 140  70  69  86 219 217 215 216 213 209
 225 228 230 229 230 227 131  66  61  83 215 216 213 209 210 207
 225 226 227 227 226 226 187 162 169 162 138 126 128 133 117 119
 222 223 223 223 223 222 219 218 216 206  70  60  53  51  48  45
 217 219 219 214 215 214 211 210 208 197  63  51  49  44  47  46

  85  86 155 234 237 234 233 232 229 224 220 218 215 140  71  66
  82  86 158 238 241 240 240 234 231 229 226 220 219 133  72  65
  86  83 157 240 243 242 241 241 236 232 230 223 223 149  74  68
  91  91 161 241 245 244 244 241 238 236 232 226 223 148  79  74
  89  97 157 244 248 246 245 243 242 238 233 226 227 146  82  74
  98 107 165 240 243 243 243 244 241 236 231 227 227 154  87  90
 231 232 185 137 125 118 221 241 241 226 126 116 105 174 210 204
 246 250 176 109  97 100 215 241 240 213  96  94  91 180 224 219
 247 251 195 111 107 102 222 242 241 211 107 102  97 183 229 220
 247 249 205 152 151 150 189 198 193 184 150 151 144 200 227 222
 247 245 245 246 244 243 136 108 100 128 236 238 235 234 230 225
 251 245 245 245 243 243 150 104 102 121 235 240 237 233 231 225
 243 243 243 244 246 242 141  96  89 131 236 239 237 234 231 225
 245 244 243 244 243 246 143  96  92 125 234 239 238 235 231 227
 243 243 243 242 238 247 127  91  94 128 232 235 235 233 230 226
 241 239 239 240 236 245 129  96  88 124 233 235 232 231 227 223
  61  71 165 231 229 228 227 224 221 216 213 208 198 106  49  42
  66  74 159 236 233 231 229 226 223 221 218 213 203 105  53  48
  70  75 161 238 235 233 231 229 225 224 222 215 208 123  54  51
  69  77 164 241 239 236 232 232 228 226 223 218 209 118  58  51
  73  81 168 242 238 238 238 232 231 227 224 220 213 112  57  55
  83  90 169 241 236 237 238 233 230 228 223 219 215 126  68  66
 229 223 155 105 113 115 227 238 236 205 103  93  98 172 207 196
 242 239 152  83  82  91 218 237 234 190  81  73  81 181 216 212
 243 240 172  85  85  89 225 231 230 183  79  77  82 184 217 213
 243 237 191 137 134 138 185 189 182 171 138 139 140 196 219 217
 243 240 240 240 235 228 102  85  83 131 233 230 227 226 222 217
 241 242 242 241 235 227 117  80  79 129 234 232 230 226 223 219
 242 242 241 240 233 227 111  79  79 135 234 231 229 227 223 220
 241 241 241 240 233 226 112  80  76 126 235 231 230 227 223 219
 239 239 239 238 234 225  97  74  75 130 233 229 228 226 223 219
 237 237 237 236 233 223 103  73  75 126 230 227 225 225 222 216
  60  59 140 228 229 228 227 224 221 216 213 209 207 119  45  46
  60  61 134 229 233 231 230 226 223 221 218 213 210 117  48  47
  60  62 139 229 235 233 232 230 226 224 222 216 209 133  51  44
  60  65 146 227 231 231 232 232 229 227 223 215 213 128  53  49
  64  66 147 228 231 230 230 232 232 228 224 217 216 126  60  51
  80  78 148 226 229 228 229 232 231 228 223 219 215 138  70  63
 222 216 162 101  97 100 212 228 226 211  96  86  83 162 206 197
 233 233 157  78  71  73 197 230 227 196  75  69  61 169 216 208
 234 234 176  80  76  72 204 232 231 198  74  70  66 162 218 210
 234 235 193 135 133 134 179 189 183 173 136 140 131 187 219 211
 234 234 234 234 233 233 107  75  75 114 227 230 227 226 222 214
 234 233 233 232 233 232 125  69  69 100 227 232 230 226 223 215
 233 233 232 231 233 229 119  68  73 109 226 231 229 227 223 214
 232 232 232 231 232 229 119  71  72 108 226 231 230 227 223 219
 230 230 230 229 230 228 103  71  77 110 224 229 228 226 223 219
 228 228 228 227 224 229 109  69  70 100 225 227 225 225 222 217

  66  65  68  74  74  90 204 219 220 222 225 225 225 227 226 223
  71  72  74  79  82  87 210 224 229 227 230 231 231 231 230 227
 140 133 149 148 146 154 174 180 183 200 234 233 234 235 233 231
 215 219 223 223 227 227 105  91  97 144 235 237 237 238 235 232
 218 220 223 226 226 227 116  94 102 151 238 240 239 239 235 235
 220 226 230 232 233 231 126  96 107 150 236 235 236 234 232 233
 224 229 232 236 238 236 226 213 211 184 128 121 131 125 128 124
 229 231 236 238 242 241 241 240 241 193 100 102  89  92  94  88
 232 234 241 241 243 244 241 241 242 198 108 104  96  96  91  96
 233 240 241 244 245 243 221 215 222 189 136 150 141 143 127 129
 234 240 242 244 246 243 118 100 102 150 243 243 242 246 247 245
 237 241 243 245 248 243 125  97 107 151 244 243 246 243 238 236
 234 238 240 241 244 240 137 109 111 152 246 245 244 244 242 240
 155 158 157 161 157 165 185 176 195 205 245 245 243 243 243 239
  86  86  83  91  97 107 232 250 251 249 245 245 243 244 243 239
  85  82  86  91  89  98 231 246 247 247 247 251 243 245 243 241
  42  48  51  51  55  66 196 212 213 217 217 219 220 219 219 216
  49  53  54  58  57  68 207 216 217 219 222 223 223 223 223 222
 106 105 123 118 112 126 172 181 184 196 226 226 227 227 226 225
 198 203 208 209 213 215  98  81  82 140 227 230 229 230 228 225
 208 213 215 218 220 219  93  73  77 139 230 232 231 231 229 227
 213 218 222 223 224 223 103  81  79 138 233 234 234 235 233 230
 216 221 224 226 227 228 205 190 183 171 131 129 135 126 130 126
 221 223 225 228 231 230 236 234 230 182  83  79  79  76  75  75
 224 226 229 232 232 233 238 237 231 189  85  80  79  80  74  73
 227 229 231 232 238 238 227 218 225 185 102 117 111 112  97 103
 228 231 233 236 238 237 115  91  89 138 228 227 227 226 225 223
 229 233 235 239 238 236 113  82  85 134 235 235 233 233 234 233
 231 236 238 241 242 241 105  83  85 137 240 241 240 240 238 236
 165 159 161 164 168 169 155 152 172 191 240 242 241 241 239 237
  71  74  75  77  81  90 223 239 240 237 240 242 242 241 239 237
  61  66  70  69  73  83 229 242 243 243 243 241 242 241 239 237
  46  47  44  49  51  63 197 208 210 211 214 215 214 219 219 217
  45  48  51  53  60  70 206 216 218 219 222 223 223 223 223 222
 119 117 133 128 126 138 162 169 162 187 226 226 227 227 226 225
 207 210 209 213 216 215  83  61  66 131 227 230 229 230 228 225
 209 213 216 215 217 219  86  69  70 140 230 232 231 231 229 227
 213 218 222 223 224 223  96  75  74 136 227 227 226 226 224 225
 216 221 224 227 228 228 211 196 198 173 114 100 109 108 110 100
 221 223 226 229 232 231 226 227 231 183  75  69  73  72  77  70
 224 226 230 232 232 232 228 230 232 189  75  69  68  71  71  69
 227 230 232 232 230 229 212 197 204 179 107 125 119 119 103 109
 228 231 233 231 230 228 100  73  72 134 233 232 229 229 228 229
 229 233 235 231 231 229  97  71  76 133 233 233 233 232 230 224
 228 229 229 227 228 226 101  78  80 135 234 232 231 231 229 227
 140 134 139 146 147 148 162 157 176 193 234 233 232 232 230 228
  59  61  62  65  66  78 216 233 234 235 234 233 233 232 230 228
  60  60  60  60  64  80 222 233 234 234 234 234 233 232 230 228

