 238 240 241 242 242 240 124  99 100 138 247 244 244 244 246 244
 238 242 244 242 242 241 126 100 100 142 250 246 249 249 246 247
 236 242 244 243 243 244 120 101 105 145 250 247 250 251 250 250
 238 242 244 246 247 247 131 101 106 136 251 248 250 251 252 251
 242 242 245 243 245 245 128 101 106 142 252 249 247 248 249 249
 240 245 247 244 245 246 131 107 106 143 248 244 247 252 251 251
 238 242 207 161 152 157 206 213 219 197 146 148 154 210 250 252
 239 241 185 111 107 117 215 244 246 204 108 108 118 202 250 253
 239 241 185 101 104 111 225 246 247 227 108 108 116 209 253 253
 222 222 185 119 132 130 222 252 250 230 137 151 154 207 253 254
  95 102 184 244 241 247 249 249 253 252 251 251 253 254 254 253
  88  97 162 247 246 248 250 252 253 254 253 254 254 255 254 253
  89  98 172 250 248 248 250 253 253 253 254 254 254 253 252 250
 164 164 172 178 176 179 234 253 253 240 169 165 169 167 166 167
 229 233 182  90 105 104 224 252 251 222 101  99  96 104  98  94
 230 236 185  86  88 102 208 248 247 219  94  94  93  99  92  88
 228 230 232 233 235 234 128  81  82 116 230 236 240 240 238 240
 231 234 236 239 240 239 135  85  81 119 230 238 241 242 243 241
 232 234 236 241 241 240 129  84  83 121 231 239 242 243 242 242
 231 234 236 239 239 239 136  86  84 108 232 240 244 246 244 243
 229 235 239 240 240 239 138  87  87 117 231 241 244 246 246 245
 230 236 238 238 238 239 138  92  92 121 231 240 241 243 243 245
 232 236 206 148 140 140 187 198 202 190 138 133 134 191 245 245
 229 235 192  90  84  87 185 237 239 207  99  93  95 177 245 245
 229 234 195  87  83  88 198 239 242 223  99  93  95 184 245 245
 222 222 187 103 107 109 203 239 242 228 131 128 128 188 245 246
  77  84 151 234 236 239 241 241 245 244 243 243 244 246 246 247
  67  72 130 238 242 240 241 243 245 246 245 246 247 248 245 246
  67  75 140 236 239 239 241 244 245 245 246 246 246 245 243 243
 148 153 162 162 161 163 222 243 245 236 165 157 157 159 153 154
 222 224 193  78  75  81 203 242 244 221  92  83  80  79  79  79
 220 222 187  74  71  75 181 238 243 220  86  74  72  72  73  69
 221 223 224 224 225 224 101  70  72 118 224 225 227 227 226 227
 223 224 225 225 226 225 111  70  70 120 226 226 229 230 229 228
 223 226 227 227 227 227  99  72  72 122 230 227 230 231 230 230
 225 227 228 227 228 228 106  73  73 108 230 228 231 233 231 231
 229 228 228 228 229 228 107  75  76 116 231 229 230 232 232 231
 223 227 228 228 227 227 113  79  80 118 233 231 230 231 231 232
 224 227 183 137 128 136 194 190 192 177 124 121 124 186 232 233
 222 227 165  78  75  90 197 228 229 189  79  80  88 182 232 233
 222 226 169  72  76  87 206 232 229 207  78  81  85 191 233 233
 217 215 167  91 101 103 199 234 230 211 112 121 124 188 233 233
  69  75 155 231 227 227 229 229 233 232 230 230 232 233 233 233
  55  64 136 228 229 228 229 231 233 233 232 233 234 235 233 233
  57  63 150 225 229 227 229 232 233 233 233 233 233 233 232 231
 138 144 150 155 160 161 216 231 233 222 150 153 152 146 144 145
 214 222 167  65  65  74 206 232 232 202  70  72  68  69  68  67
 214 224 165  59  59  62 195 231 231 201  63  64  61  61  61  59

 244 247 250 251 249 251 252 253 253 254 253 253 250 167  94  88
 246 246 250 252 249 251 250 250 253 253 254 254 252 166  98  92
 244 249 251 251 248 252 210 202 209 207 254 255 253 167 104  99
 244 249 250 250 247 247 154 118 116 154 253 254 254 169  96  93
 244 246 247 248 249 244 148 108 108 151 251 254 254 165  99  94
 247 250 250 251 252 248 146 108 108 137 251 253 254 169 101  94
 138 142 145 136 142 143 197 204 227 230 252 254 253 240 222 219
 100 100 105 106 106 106 219 246 247 250 253 253 253 253 251 247
  99 100 101 101 101 107 213 244 246 252 249 252 253 253 252 248
 124 126 120 131 128 131 206 215 225 222 249 250 250 234 224 208
 240 241 244 247 245 246 157 117 111 130 247 248 248 179 104 102
 242 242 243 247 245 245 152 107 104 132 241 246 248 176 105  88
 242 242 243 246 243 244 161 111 101 119 244 247 250 178  90  86
 241 244 244 244 245 247 207 185 185 185 184 162 172 172 182 185
 240 242 242 242 242 245 242 241 241 222 102  97  98 164 233 236
 238 238 236 238 242 240 238 239 239 222  95  88  89 164 229 230
 240 241 242 243 245 245 245 245 245 246 247 246 243 154  79  69
 238 243 242 244 246 243 245 245 245 245 246 245 243 153  79  73
 240 242 243 246 246 243 191 177 184 188 246 248 245 159  79  72
 240 241 242 244 244 241 134  95  95 128 244 247 246 157  80  72
 236 238 239 240 241 240 133  93  93 128 243 246 246 157  83  74
 230 230 231 232 231 231 138  99  99 131 243 245 246 165  92  86
 116 119 121 108 117 121 190 207 223 228 244 246 245 236 221 220
  82  81  83  84  87  92 202 239 242 242 245 245 245 245 244 243
  81  85  84  86  87  92 198 237 239 239 241 243 244 243 242 238
 128 135 129 136 138 138 187 185 198 203 241 241 241 222 203 181
 234 239 240 239 239 239 140  87  88 109 239 240 239 163  81  75
 235 240 241 239 240 238 140  84  83 107 236 242 239 161  75  71
 233 239 241 239 240 238 148  90  87 103 234 238 236 162  78  74
 232 236 236 236 239 238 206 192 195 187 151 130 140 162 193 187
 230 234 234 234 235 236 236 235 234 222  84  72  75 153 224 222
 228 231 232 231 229 230 232 229 229 222  77  67  67 148 222 220
 227 228 230 231 231 232 233 233 233 233 233 233 231 145  67  59
 226 229 230 231 232 231 232 232 233 233 233 233 232 144  68  61
 227 230 231 233 232 231 186 182 191 188 233 235 233 146  69  61
 227 229 230 231 230 230 124  88  85 124 232 234 233 152  68  61
 225 226 227 228 229 231 121  80  81 121 230 233 233 153  72  64
 224 226 230 230 231 233 124  79  78 112 230 232 233 150  70  63
 118 120 122 108 116 118 177 189 207 211 232 233 233 222 202 201
  72  70  72  73  76  80 192 229 229 230 233 233 233 233 232 231
  70  70  72  73  75  79 190 228 232 234 229 231 232 231 232 231
 101 111  99 106 107 113 194 197 206 199 229 229 229 216 206 195
 224 225 227 228 228 227 136  90  87 103 227 228 227 161  74  62
 225 226 227 228 229 227 128  75  76 101 227 229 229 160  65  59
 224 225 227 227 228 228 137  78  72  91 231 228 225 155  65  59
 224 225 227 228 228 228 183 165 169 167 155 136 150 150 167 165
 223 224 226 227 228 227 227 227 226 215  75  64  63 144 222 224
 221 223 223 225 229 223 224 222 222 217  69  55  57 138 214 214

  88  92  99  93  94  94 219 247 248 208 102  88  86 185 236 230
  94  98 104  96  99 101 222 251 252 224 104 105  90 182 233 229
 167 166 167 169 165 169 240 253 253 234 179 176 178 172 164 164
 250 252 253 254 254 254 253 253 253 250 248 248 250 172  98  89
 253 254 255 254 254 253 254 253 252 250 248 246 247 162  97  88
 253 254 254 253 251 251 252 253 249 249 247 241 244 184 102  95
 254 253 207 154 151 137 230 250 252 222 130 132 119 185 222 222
 253 253 209 116 108 108 227 247 246 225 111 104 101 185 241 239
 253 250 202 118 108 108 204 246 244 215 117 107 111 185 241 239
 252 250 210 154 148 146 197 219 213 206 157 152 161 207 242 238
 251 251 252 247 244 248 143 106 107 131 246 245 244 247 245 240
 249 249 248 247 249 252 142 106 101 128 245 245 243 245 242 242
 251 252 251 250 248 251 136 106 101 131 247 247 246 244 242 238
 250 250 251 250 247 250 145 105 101 120 244 243 243 244 242 236
 247 246 249 249 246 250 142 100 100 126 241 242 242 244 242 238
 244 246 244 244 244 247 138 100  99 124 240 242 242 241 240 238
  69  73  72  72  74  86 220 243 238 181  75  71  74 187 222 220
  79  79  79  80  83  92 221 244 242 203  81  75  78 193 224 222
 154 153 159 157 157 165 236 245 243 222 163 161 162 162 153 148
 243 243 245 246 246 246 245 245 244 241 239 239 236 140  75  67
 246 245 248 247 246 245 246 245 243 241 240 242 238 130  72  67
 247 246 246 244 243 243 244 245 241 241 239 236 234 151  84  77
 246 245 188 128 128 131 228 242 239 203 109 107 103 187 222 222
 245 245 184  95  93  99 223 242 239 198  88  83  87 195 234 229
 245 245 177  95  93  99 207 239 237 185  87  84  90 192 235 229
 245 245 191 134 133 138 190 202 198 187 140 140 148 206 236 232
 245 243 243 241 240 231 121  92  92 138 239 238 238 238 236 230
 245 246 246 244 241 231 117  87  87 138 239 240 240 239 235 229
 243 244 246 244 240 232 108  84  86 136 239 239 239 236 234 231
 242 242 243 242 239 231 121  83  84 129 240 241 241 236 234 232
 241 243 242 241 238 230 119  81  85 135 239 240 239 236 234 231
 240 238 240 240 236 230 116  82  81 128 234 235 233 232 230 228
  59  61  61  61  64  63 201 231 231 195  62  59  59 165 224 214
  67  68  69  68  72  70 202 232 232 206  74  65  65 167 222 214
 145 144 146 152 153 150 222 233 231 216 161 160 155 150 144 138
 231 232 233 233 233 233 233 233 232 229 227 229 225 150  63  57
 233 233 235 234 233 232 233 233 231 229 228 229 228 136  64  55
 233 233 233 232 230 230 232 233 229 229 227 227 231 155  75  69
 233 233 188 124 121 112 211 230 234 199 103 101  91 167 215 217
 233 233 191  85  81  78 207 229 232 206  87  76  72 169 226 222
 233 232 182  88  80  79 189 229 228 197  90  75  78 165 227 222
 233 232 186 124 121 124 177 192 190 194 136 128 137 183 227 224
 232 231 231 230 231 233 118  80  79 113 227 227 228 228 227 223
 231 232 232 230 229 231 116  76  75 107 228 229 228 228 228 229
 231 231 233 231 228 230 108  73  73 106 228 228 227 228 227 225
 230 230 231 230 227 230 122  72  72  99 227 227 227 227 226 223
 228 229 230 229 226 226 120  70  70 111 225 226 225 225 224 223
 227 226 227 227 225 224 118  72  70 101 224 225 224 224 223 221

 230 229 164  89  88  95 222 239 239 238 240 242 238 236 238 238
 236 233 164  98  97 102 222 241 241 242 245 242 242 242 242 240
 185 182 172 172 162 184 185 185 185 207 247 245 244 244 244 241
  86  90 178 250 247 244 119 101 111 161 244 243 246 243 242 242
  88 105 176 248 246 241 132 104 107 152 245 245 247 243 242 242
 102 104 179 248 248 247 130 111 117 157 246 245 247 244 241 240
 208 224 234 250 250 249 222 225 215 206 131 128 131 120 126 124
 248 252 253 253 252 249 252 246 244 213 107 101 101 101 100  99
 247 251 253 253 253 253 250 247 246 219 106 106 106 105 100 100
 219 222 240 253 254 252 230 227 204 197 143 142 136 145 142 138
  94 101 169 254 253 251 137 108 108 146 248 252 251 250 250 247
  94  99 165 254 254 251 151 108 108 148 244 249 248 247 246 244
  93  96 169 254 254 253 154 116 118 154 247 247 250 250 249 244
  99 104 167 253 255 254 207 209 202 210 252 248 251 251 249 244
  92  98 166 252 254 254 253 253 250 250 251 249 252 250 246 246
  88  94 167 250 253 253 254 253 253 252 251 249 251 250 247 244
 220 222 148  67  67  77 222 229 229 232 230 229 231 232 231 228
 222 224 153  75  72  84 222 234 235 236 236 235 234 234 234 230
 187 193 162 140 130 151 187 195 192 206 238 239 236 236 236 232
  74  78 162 236 238 234 103  87  90 148 238 240 239 241 239 233
  71  75 161 239 242 236 107  83  84 140 238 240 239 241 240 235
  75  81 163 239 240 239 109  88  87 140 239 239 239 240 239 234
 181 203 222 241 241 241 203 198 185 187 138 138 136 129 135 128
 238 242 243 244 243 241 239 239 237 198  92  87  86  84  85  81
 243 244 245 245 245 245 242 242 239 202  92  87  84  83  81  82
 220 221 236 245 246 244 228 223 207 190 121 117 108 121 119 116
  86  92 165 246 245 243 131  99  99 138 231 231 232 231 230 230
  74  83 157 246 246 243 128  93  93 133 240 241 240 239 238 236
  72  80 157 246 247 244 128  95  95 134 241 244 244 242 241 240
  72  79 159 245 248 246 188 184 177 191 243 246 246 243 242 240
  73  79 153 243 245 246 245 245 245 245 243 246 244 242 243 238
  69  79 154 243 246 247 246 245 245 245 245 245 243 242 241 240
 214 214 138  57  55  69 217 222 222 224 223 229 225 223 223 221
 224 222 144  63  64  75 215 226 227 227 227 228 227 226 224 223
 165 167 150 150 136 155 167 169 165 183 228 228 228 227 225 224
  59  65 155 225 228 231  91  72  78 137 228 228 227 227 225 224
  59  65 160 229 229 227 101  76  75 128 227 229 228 227 226 225
  62  74 161 227 228 227 103  87  90 136 227 228 228 227 225 224
 195 206 216 229 229 229 199 206 197 194 113 107 106  99 111 101
 231 232 231 232 231 229 234 232 228 190  79  75  73  72  70  70
 231 232 233 233 233 233 230 229 229 192  80  76  73  72  70  72
 201 202 222 233 233 232 211 207 189 177 118 116 108 122 120 118
  63  70 150 233 232 230 112  78  79 124 233 231 230 230 226 224
  64  72 153 233 233 230 121  81  80 121 231 229 228 227 226 225
  61  68 152 233 234 232 124  85  88 124 230 230 231 230 229 227
  61  69 146 233 235 233 188 191 182 186 231 232 233 231 230 227
  61  68 144 232 233 233 233 233 232 232 231 232 231 230 229 226
  59  67 145 231 233 233 233 233 233 233 232 231 231 230 228 227

