 208 214 221 224 227 226 123  92  90 129 241 236 238 240 239 240
 210 214 224 226 227 224 125  95  88 128 241 235 239 240 241 241
 210 214 221 225 229 226 126  89  91 135 247 239 242 242 244 246
 207 212 220 223 226 222 122  90  96 131 242 239 241 244 243 243
 206 210 217 221 224 220 121  90  90 122 243 237 240 244 245 245
 209 212 217 220 221 220 124 101 105 133 241 236 240 241 244 245
 205 208 176 121 125 129 179 200 201 191 130 140 141 195 244 244
 205 207 166  85  92  99 197 224 227 222  88 102 106 178 245 244
 205 204 156  83  88  99 203 228 228 213  90  98 100 175 242 243
 203 202 173 114 117 123 212 223 225 211 129 132 139 192 242 241
 200 205 208 209 212 214 217 223 225 227 227 228 231 235 238 240
 199 207 209 210 211 212 215 218 221 225 231 231 233 235 236 238
 193 199 205 207 206 208 212 216 221 227 226 229 231 233 234 234
 191 200 204 205 205 208 212 213 218 224 223 226 228 231 233 233
 185 196 200 203 204 204 206 212 213 217 220 223 226 227 229 231
 181 190 194 199 199 199 201 207 208 212 215 219 222 224 224 226
 206 212 216 219 222 225 123  70  71 101 223 231 232 233 233 235
 206 211 217 220 222 225 128  76  72 109 224 232 233 235 235 236
 204 209 215 219 221 224 136  76  73 115 222 232 234 235 236 238
 202 208 213 216 219 222 126  73  71 103 222 232 235 239 238 238
 201 206 211 214 218 220 124  74  72  92 222 232 235 238 238 238
 199 204 209 212 215 217 121  78  76 101 219 228 230 233 237 238
 197 202 172 113 114 119 166 184 191 186 127 122 123 180 235 237
 193 200 164  76  70  75 170 215 218 214  90  80  84 152 233 236
 192 199 157  73  67  72 172 214 217 206  86  80  81 153 233 235
 190 197 171  99  98  97 176 212 215 202 120 112 120 168 230 233
 188 195 200 203 201 204 207 211 214 217 219 220 223 227 230 232
 185 191 197 201 203 204 207 210 213 216 219 221 225 227 229 231
 183 189 196 199 201 202 204 208 210 213 218 221 223 225 227 228
 181 188 194 197 199 199 200 205 207 210 215 218 220 223 225 225
 178 185 191 195 196 196 198 202 204 209 212 215 218 219 221 224
 174 182 185 189 190 191 194 197 200 206 207 211 214 216 217 219
 206 212 216 219 222 223 110  68  69 105 225 228 232 233 233 232
 205 211 217 220 222 222 108  66  69 113 229 230 233 235 235 236
 206 209 215 219 221 221 114  68  73 122 231 231 234 235 236 237
 204 208 213 216 219 219 108  71  73 112 230 230 234 235 237 238
 202 206 211 214 218 217 107  73  74  99 226 230 234 235 237 238
 200 204 209 212 215 217 106  72  76 109 230 227 231 233 237 238
 199 203 169 111 112 114 169 186 188 178 113 119 121 182 235 237
 201 203 154  65  69  70 182 215 219 214  68  74  78 164 233 236
 198 199 145  63  70  73 186 216 218 206  71  75  81 161 229 235
 198 198 160  97 100 101 189 213 216 203 105 107 117 176 230 233
 197 199 201 203 202 204 208 212 215 218 219 221 225 227 230 232
 193 198 202 205 203 204 207 210 213 216 220 222 225 227 229 231
 189 195 199 199 201 202 204 208 211 215 218 221 223 225 227 228
 187 192 196 197 199 200 201 205 208 212 215 218 220 223 225 225
 186 190 193 195 196 196 198 203 204 209 212 215 218 219 221 224
 181 183 189 195 192 193 194 201 202 206 207 211 214 216 217 219

 240 241 246 243 245 245 244 244 243 241 240 238 234 233 231 226
 239 241 244 243 245 244 244 245 242 242 238 236 234 233 229 224
 240 240 242 244 244 241 195 178 175 192 235 235 233 231 227 224
 238 239 242 241 240 240 141 106 100 139 231 233 231 228 226 222
 236 235 239 239 237 236 140 102  98 132 228 231 229 226 223 219
 241 241 247 242 243 241 130  88  90 129 227 231 226 223 220 215
 129 128 135 131 122 133 191 222 213 211 227 225 227 224 217 212
  90  88  91  96  90 105 201 227 228 225 225 221 221 218 213 208
  92  95  89  90  90 101 200 224 228 223 223 218 216 213 212 207
 123 125 126 122 121 124 179 197 203 212 217 215 212 212 206 201
 226 224 226 222 220 220 129  99  99 123 214 212 208 208 204 199
 227 227 229 226 224 221 125  92  88 117 212 211 206 205 204 199
 224 226 225 223 221 220 121  85  83 114 209 210 207 205 203 199
 221 224 221 220 217 217 176 166 156 173 208 209 205 204 200 194
 214 214 214 212 210 212 208 207 204 202 205 207 199 200 196 190
 208 210 210 207 206 209 205 205 205 203 200 199 193 191 185 181
 235 236 238 238 238 238 237 236 235 233 232 231 228 225 224 219
 233 235 236 238 238 237 235 233 233 230 230 229 227 225 221 217
 233 235 235 239 238 233 180 152 153 168 227 227 225 223 219 216
 232 233 234 235 235 230 123  84  81 120 223 225 223 220 218 214
 231 232 232 232 232 228 122  80  80 112 220 221 221 218 215 211
 223 224 222 222 222 219 127  90  86 120 219 219 218 215 212 207
 101 109 115 103  92 101 186 214 206 202 217 216 213 210 209 206
  71  72  73  71  72  76 191 218 217 215 214 213 210 207 204 200
  70  76  76  73  74  78 184 215 214 212 211 210 208 205 202 197
 123 128 136 126 124 121 166 170 172 176 207 207 204 200 198 194
 225 225 224 222 220 217 119  75  72  97 204 204 202 199 196 191
 222 222 221 219 218 215 114  70  67  98 201 203 201 199 196 190
 219 220 219 216 214 212 113  76  73  99 203 201 199 197 195 189
 216 217 215 213 211 209 172 164 157 171 200 197 196 194 191 185
 212 211 209 208 206 204 202 200 199 197 195 191 189 188 185 182
 206 206 204 202 201 199 197 193 192 190 188 185 183 181 178 174
 232 236 237 238 238 238 237 236 235 233 232 231 228 225 224 219
 233 235 236 237 237 237 235 233 229 230 230 229 227 225 221 217
 233 235 235 235 235 233 182 164 161 176 227 227 225 223 219 216
 232 233 234 234 234 231 121  78  81 117 225 225 223 220 218 214
 228 230 231 230 230 227 119  74  75 107 221 222 221 218 215 211
 225 229 231 230 226 230 113  68  71 105 219 220 218 215 212 207
 105 113 122 112  99 109 178 214 206 203 218 216 215 212 209 206
  69  69  73  73  74  76 188 219 218 216 215 213 211 208 204 202
  68  66  68  71  73  72 186 215 216 213 212 210 208 205 203 201
 110 108 114 108 107 106 169 182 186 189 208 207 204 201 198 194
 223 222 221 219 217 217 114  70  73 101 204 204 202 200 196 193
 222 222 221 219 218 215 112  69  70 100 202 203 201 199 196 192
 219 220 219 216 214 212 111  65  63  97 203 205 199 197 195 195
 216 217 215 213 211 209 169 154 145 160 201 202 199 196 193 189
 212 211 209 208 206 204 203 203 199 198 199 198 195 192 190 183
 206 205 206 204 202 200 199 201 198 198 197 193 189 187 186 181

 226 224 224 222 219 215 212 208 207 201 199 199 199 194 190 181
 231 229 227 226 223 220 217 213 212 206 204 204 203 200 196 185
 233 233 231 228 226 223 224 218 213 212 208 205 205 204 200 191
 234 234 233 231 229 226 227 221 216 212 208 206 207 205 199 193
 238 236 235 233 231 231 225 221 218 215 212 211 210 209 207 199
 240 238 235 231 228 227 227 225 223 217 214 212 209 208 205 200
 241 242 192 139 132 129 211 225 223 212 123 117 114 173 202 203
 243 242 175 100  98  90 213 228 228 203  99  88  83 156 204 205
 244 245 178 106 102  88 222 227 224 197  99  92  85 166 207 205
 244 244 195 141 140 130 191 201 200 179 129 125 121 176 208 205
 245 244 241 240 236 241 133 105 101 124 220 221 220 217 212 209
 245 245 244 240 237 243 122  90  90 121 220 224 221 217 210 206
 243 243 244 241 239 242 131  96  90 122 222 226 223 220 212 207
 246 244 242 242 239 247 135  91  89 126 226 229 225 221 214 210
 241 241 240 239 235 241 128  88  95 125 224 227 226 224 214 210
 240 239 240 238 236 241 129  90  92 123 226 227 224 221 214 208
 219 217 216 214 211 207 206 200 197 194 191 190 189 185 182 174
 224 221 219 218 215 212 209 204 202 198 196 196 195 191 185 178
 225 225 223 220 218 215 210 207 205 200 199 199 197 194 188 181
 228 227 225 223 221 218 213 210 208 204 202 201 199 196 189 183
 231 229 227 225 221 219 216 213 210 207 204 203 201 197 191 185
 232 230 227 223 220 219 217 214 211 207 204 201 203 200 195 188
 233 230 168 120 112 120 202 215 212 176  97  98  99 171 197 190
 235 233 153  81  80  86 206 217 214 172  72  67  73 157 199 192
 236 233 152  84  80  90 214 218 215 170  75  70  76 164 200 193
 237 235 180 123 122 127 186 191 184 166 119 114 113 172 202 197
 238 237 233 230 228 219 101  76  78 121 217 215 212 209 204 199
 238 238 238 235 232 222  92  72  74 124 220 218 214 211 206 201
 238 238 239 235 232 222 103  71  73 126 222 219 216 213 208 202
 238 236 235 234 232 222 115  73  76 136 224 221 219 215 209 204
 236 235 235 233 232 224 109  72  76 128 225 222 220 217 211 206
 235 233 233 232 231 223 101  71  70 123 225 222 219 216 212 206
 219 217 216 214 211 207 206 202 201 194 193 192 195 189 183 181
 224 221 219 218 215 212 209 204 203 198 196 196 195 193 190 186
 225 225 223 220 218 215 212 208 205 201 200 199 197 196 192 187
 228 227 225 223 221 218 215 211 208 204 202 201 199 199 195 189
 231 229 227 225 222 220 216 213 210 207 204 203 205 202 198 193
 232 230 227 225 221 219 218 215 212 208 204 202 203 201 199 197
 233 230 176 117 107 105 203 216 213 189 101 100  97 160 198 198
 235 229 161  81  75  71 206 218 216 186  73  70  63 145 199 198
 236 233 164  78  74  68 214 219 215 182  70  69  65 154 203 201
 237 235 182 121 119 113 178 188 186 169 114 112 111 169 203 199
 238 237 233 231 227 230 109  76  72 106 217 215 212 209 204 200
 238 237 235 234 230 226  99  74  73 107 217 218 214 211 206 202
 238 237 235 234 230 230 112  73  71 108 219 219 216 213 208 204
 237 236 235 234 231 231 122  73  68 114 221 221 219 215 209 206
 236 235 235 233 230 229 113  69  66 108 222 222 220 217 211 205
 232 233 233 232 228 225 105  69  68 110 223 222 219 216 212 206

 181 185 191 193 199 200 203 205 205 205 209 206 207 210 210 208
 190 196 200 199 207 205 202 204 207 208 212 210 212 214 214 214
 194 200 204 205 209 208 173 156 166 176 217 217 220 221 224 221
 199 203 205 207 210 209 114  83  85 121 220 221 223 225 226 224
 199 204 205 206 211 212 117  88  92 125 221 224 226 229 227 227
 199 204 208 208 212 214 123  99  99 129 220 220 222 226 224 226
 201 206 212 212 215 217 212 203 197 179 124 121 122 126 125 123
 207 212 213 216 218 223 223 228 224 200 101  90  90  89  95  92
 208 213 218 221 221 225 225 228 227 201 105  90  96  91  88  90
 212 217 224 227 225 227 211 213 222 191 133 122 131 135 128 129
 215 220 223 226 231 227 129  90  88 130 241 243 242 247 241 241
 219 223 226 229 231 228 132  98 102 140 236 237 239 239 235 236
 222 226 228 231 233 231 139 100 106 141 240 240 241 242 239 238
 224 227 231 233 235 235 192 175 178 195 241 244 244 242 240 240
 224 229 233 234 236 238 242 242 245 244 244 245 243 244 241 239
 226 231 233 234 238 240 241 243 244 244 245 245 243 246 241 240
 174 178 181 183 185 188 190 192 193 197 199 201 202 204 206 206
 182 185 188 189 191 195 197 199 200 202 204 206 208 209 211 212
 185 191 194 196 197 200 171 157 164 172 209 211 213 215 217 216
 189 195 197 199 201 203  99  73  76 113 212 214 216 219 220 219
 190 196 199 201 203 201  98  67  70 114 215 218 219 221 222 222
 191 196 199 202 204 204  97  72  75 119 217 220 222 224 225 225
 194 198 200 204 207 207 176 172 170 166 121 124 126 136 128 123
 197 202 205 208 210 211 212 214 215 184  78  74  73  76  76  70
 200 204 207 210 213 214 215 217 218 191  76  72  71  73  72  71
 206 209 210 213 216 217 202 206 214 186 101  92 103 115 109 101
 207 212 215 218 219 219 120  86  90 127 219 222 222 222 224 223
 211 215 218 221 221 220 112  80  80 122 228 232 232 232 232 231
 214 218 220 223 225 223 120  81  84 123 230 235 235 234 233 232
 216 219 223 225 227 227 168 153 152 180 233 238 239 235 235 233
 217 221 225 227 229 230 230 233 233 235 237 238 238 236 235 233
 219 224 225 228 231 232 233 235 236 237 238 238 238 238 236 235
 181 186 187 189 193 197 198 198 201 199 200 202 204 206 205 206
 183 190 192 195 198 199 198 199 203 203 204 206 208 209 211 212
 189 193 196 199 202 201 160 145 154 169 209 211 213 215 217 216
 195 195 197 199 205 203  97  63  65 111 212 214 216 219 220 219
 192 196 199 201 203 202 100  70  69 112 215 218 219 221 222 222
 193 196 200 202 204 204 101  73  70 114 217 217 219 221 222 223
 194 198 201 204 207 208 189 186 182 169 106 107 108 114 108 110
 201 203 205 208 210 212 213 216 215 186  72  73  71  68  66  68
 202 204 208 211 213 215 216 218 219 188  76  74  73  73  69  69
 206 209 212 215 216 218 203 206 214 178 109  99 112 122 113 105
 207 212 215 218 220 219 105  71  68 113 230 226 230 231 229 225
 211 215 218 221 222 221 107  75  74 119 227 230 230 231 230 228
 214 218 220 223 225 225 117  81  78 121 231 234 234 234 233 232
 216 219 223 225 227 227 176 161 164 182 233 235 235 235 235 233
 217 221 225 227 229 230 230 229 233 235 237 237 237 236 235 233
 219 224 225 228 231 232 233 235 236 237 238 238 238 237 236 232

