 206 211 214 217 216 215 114  83  82 121 223 220 221 222 222 221
 207 213 216 219 218 216 109  78  87 125 222 225 225 224 224 224
 212 219 219 217 221 223 112  87  88 133 223 225 224 226 226 225
 204 212 216 218 223 220 112  86  91 133 225 225 222 227 228 228
 209 214 217 218 221 221 114  86  87 129 225 228 229 228 228 227
 209 216 221 220 221 220 104  94  97 140 224 226 225 227 229 229
 208 210 189 127 130 139 174 181 180 177 142 135 138 196 229 230
 208 210 172  80  88  94 190 224 225 193  94  98  99 188 229 228
 204 208 163  82  86  93 196 226 227 186  99  95  99 187 227 227
 202 204 162  75  80  89 204 223 224 191 126 119 118 186 214 204
 201 205 152  71  77  87 198 222 225 223 225 225 225 148  95  96
 198 201 158  74  80  87 203 224 226 227 228 228 226 147  89  83
 196 199 158  75  74  88 209 223 226 227 228 229 227 146  82  78
 194 198 144  70  67  80 200 219 223 229 231 230 227 143  93  77
 189 192 153  67  71  81 186 218 222 224 228 229 227 140  83  76
 188 190 141  68  71  78 183 216 221 223 225 228 229 139  82  80
 202 206 208 209 210 208 123  66  68  97 205 210 212 214 214 213
 204 208 209 211 211 208 121  70  67  97 207 213 215 216 216 216
 202 207 210 211 211 212 117  65  66  97 209 214 217 218 218 217
 202 207 209 212 212 212 118  67  69 102 210 215 217 219 219 217
 202 207 210 213 214 215 116  68  72  99 211 215 217 220 219 217
 200 205 210 211 211 214 112  74  74  99 210 215 217 219 220 219
 198 204 187 122 110 115 151 174 176 171 124 117 120 172 218 219
 195 203 169  70  64  68 161 212 213 195  78  72  72 146 219 220
 195 200 158  66  59  64 166 212 215 192  79  74  76 151 218 219
 193 197 162  65  59  63 177 214 217 192 109 103 101 156 202 194
 191 196 149  64  59  62 166 213 217 217 217 217 217 162  76  71
 188 192 167  61  57  61 166 213 216 219 220 220 218 159  72  63
 186 191 165  62  56  59 178 213 217 219 220 221 219 159  69  61
 184 188 151  57  53  58 175 211 216 217 219 220 219 160  62  59
 182 185 154  51  51  58 157 209 215 218 218 220 219 157  66  58
 178 183 145  49  47  53 157 208 213 215 217 218 217 155  59  54
 202 206 208 209 210 210  98  63  61 103 208 211 213 214 214 213
 204 208 209 211 211 211  99  64  59 106 209 214 216 216 216 216
 203 208 210 211 212 210 102  67  66 108 211 215 217 218 218 217
 202 207 209 212 213 206 104  65  63 110 212 216 217 219 219 218
 202 207 210 213 214 211 102  68  63 107 213 217 219 220 220 218
 202 206 211 211 214 212  97  68  69 108 212 216 217 219 220 220
 204 205 184 118 111 118 162 174 179 172 122 118 122 177 220 220
 198 204 164  60  67  70 177 212 215 186  72  72  76 160 218 220
 199 206 150  60  61  67 184 213 218 186  72  66  67 156 218 219
 196 204 153  55  60  67 192 215 218 190 104  99  97 160 203 196
 197 204 141  51  53  62 177 215 217 217 217 217 217 144  72  68
 194 200 156  53  52  59 177 215 217 219 220 220 218 143  65  61
 192 199 156  50  50  62 190 216 218 219 220 221 219 144  60  57
 190 197 141  52  50  63 191 215 216 218 220 220 219 142  62  57
 189 196 145  53  52  57 173 212 215 218 218 220 219 142  58  54
 188 194 136  51  50  56 170 210 213 215 217 218 218 138  60  57

 221 224 225 228 227 229 230 228 227 204  96  83  78  77  76  80
 222 224 226 228 228 229 229 229 227 214  95  89  82  93  83  82
 222 224 226 227 228 227 196 188 187 186 148 147 146 143 140 139
 221 225 224 222 229 225 138  99  99 118 225 226 227 227 227 229
 220 225 225 225 228 226 135  98  95 119 225 228 229 230 229 228
 223 222 223 225 225 224 142  94  99 126 225 228 228 231 228 225
 121 125 133 133 129 140 177 193 186 191 223 227 227 229 224 223
  82  87  88  91  87  97 180 225 227 224 225 226 226 223 222 221
  83  78  87  86  86  94 181 224 226 223 222 224 223 219 218 216
 114 109 112 112 114 104 174 190 196 204 198 203 209 200 186 183
 215 216 223 220 221 220 139  94  93  89  87  87  88  80  81  78
 216 218 221 223 221 221 130  88  86  80  77  80  74  67  71  71
 217 219 217 218 218 220 127  80  82  75  71  74  75  70  67  68
 214 216 219 216 217 221 189 172 163 162 152 158 158 144 153 141
 211 213 219 212 214 216 210 210 208 204 205 201 199 198 192 190
 206 207 212 204 209 209 208 208 204 202 201 198 196 194 189 188
 213 216 217 217 217 219 219 220 219 194  71  63  61  59  58  54
 214 216 218 219 219 220 218 219 218 202  76  72  69  62  66  59
 214 216 218 219 220 219 172 146 151 156 162 159 159 160 157 155
 212 215 217 217 217 217 120  72  76 101 217 218 219 219 219 217
 210 213 214 215 215 215 117  72  74 103 217 220 221 220 220 218
 205 207 209 210 211 210 124  78  79 109 217 220 220 219 218 217
  97  97  97 102  99  99 171 195 192 192 217 219 219 217 218 215
  68  67  66  69  72  74 176 213 215 217 217 216 217 216 215 213
  66  70  65  67  68  74 174 212 212 214 213 213 213 211 209 208
 123 121 117 118 116 112 151 161 166 177 166 166 178 175 157 157
 208 208 212 212 215 214 115  68  64  63  62  61  59  58  58  53
 210 211 211 212 214 211 110  64  59  59  59  57  56  53  51  47
 209 211 211 212 213 211 122  70  66  65  64  61  62  57  51  49
 208 209 210 209 210 210 187 169 158 162 149 167 165 151 154 145
 206 208 207 207 207 205 204 203 200 197 196 192 191 188 185 183
 202 204 202 202 202 200 198 195 195 193 191 188 186 184 182 178
 213 216 217 218 218 220 220 220 219 196  68  61  57  57  54  57
 214 216 218 219 220 220 220 218 218 203  72  65  60  62  58  60
 214 216 218 219 220 219 177 160 156 160 144 143 144 142 142 138
 213 216 217 217 219 217 122  76  67  97 217 218 219 219 219 218
 211 214 215 216 217 216 118  72  66  99 217 220 221 220 220 218
 208 209 211 212 213 212 122  72  72 104 217 220 220 220 218 217
 103 106 108 110 107 108 172 186 186 190 217 219 219 218 218 215
  61  59  66  63  63  69 179 215 218 218 217 217 218 216 215 213
  63  64  67  65  68  68 174 212 213 215 215 215 216 215 212 210
  98  99 102 104 102  97 162 177 184 192 177 177 190 191 173 170
 210 211 210 206 211 212 118  70  67  67  62  59  62  63  57  56
 210 211 212 213 214 214 111  67  61  60  53  52  50  50  52  50
 209 211 211 212 213 211 118  60  60  55  51  53  50  52  53  51
 208 209 210 209 210 211 184 164 150 153 141 156 156 141 145 136
 206 208 208 207 207 206 205 204 206 204 204 200 199 197 196 194
 202 204 203 202 202 202 204 198 199 196 197 194 192 190 189 188

  80  82 139 229 228 225 223 221 216 183  78  71  68 141 190 188
  76  83 140 227 229 228 224 222 218 186  81  71  67 153 192 189
  77  93 143 227 230 231 229 223 219 200  80  67  70 144 198 194
  78  82 146 227 229 228 227 226 223 209  88  74  75 158 199 196
  83  89 147 226 228 228 227 226 224 203  87  80  74 158 201 198
  96  95 148 225 225 225 223 225 222 198  87  77  71 152 205 201
 204 214 186 118 119 126 191 224 223 204  89  80  75 162 204 202
 227 227 187  99  95  99 186 227 226 196  93  86  82 163 208 204
 228 229 188  99  98  94 193 225 224 190  94  88  80 172 210 208
 230 229 196 138 135 142 177 180 181 174 139 130 127 189 210 208
 229 229 227 225 226 224 140  97  94 104 220 221 220 221 216 209
 227 228 228 229 228 225 129  87  86 114 221 221 218 217 214 209
 228 228 227 222 225 225 133  91  86 112 220 223 218 216 212 204
 225 226 226 224 225 223 133  88  87 112 223 221 217 219 219 212
 224 224 224 225 225 222 125  87  78 109 216 218 219 216 213 207
 221 222 222 221 220 223 121  82  83 114 215 216 217 214 211 206
  54  59 155 217 218 217 215 213 208 157  53  47  49 145 183 178
  58  66 157 219 220 218 218 215 209 157  58  51  51 154 185 182
  59  62 160 219 220 219 217 216 211 175  58  53  57 151 188 184
  61  69 159 219 221 220 219 217 213 178  59  56  62 165 191 186
  63  72 159 218 220 220 219 216 213 166  61  57  61 167 192 188
  71  76 162 217 217 217 217 217 213 166  62  59  64 149 196 191
 194 202 156 101 103 109 192 217 214 177  63  59  65 162 197 193
 219 218 151  76  74  79 192 215 212 166  64  59  66 158 200 195
 220 219 146  72  72  78 195 213 212 161  68  64  70 169 203 195
 219 218 172 120 117 124 171 176 174 151 115 110 122 187 204 198
 219 220 219 217 215 210  99  74  74 112 214 211 211 210 205 200
 217 219 220 217 215 211  99  72  68 116 215 214 213 210 207 202
 217 219 219 217 215 210 102  69  67 118 212 212 212 209 207 202
 217 218 218 217 214 209  97  66  65 117 212 211 211 210 207 202
 216 216 216 215 213 207  97  67  70 121 208 211 211 209 208 204
 213 214 214 212 210 205  97  68  66 123 208 210 209 208 206 202
  57  60 138 218 218 217 215 213 210 170  56  50  51 136 194 188
  54  58 142 219 220 218 218 215 212 173  57  52  53 145 196 189
  57  62 142 219 220 220 218 216 215 191  63  50  52 141 197 190
  57  60 144 219 221 220 219 218 216 190  62  50  50 156 199 192
  61  65 143 218 220 220 219 217 215 177  59  52  53 156 200 194
  68  72 144 217 217 217 217 217 215 177  62  53  51 141 204 197
 196 203 160  97  99 104 190 218 215 192  67  60  55 153 204 196
 219 218 156  67  66  72 186 218 213 184  67  61  60 150 206 199
 220 218 160  76  72  72 186 215 212 177  70  67  60 164 204 198
 220 220 177 122 118 122 172 179 174 162 118 111 118 184 205 204
 220 220 219 217 216 212 108  69  68  97 212 214 211 211 206 202
 218 220 220 219 217 213 107  63  68 102 211 214 213 210 207 202
 218 219 219 217 216 212 110  63  65 104 206 213 212 209 207 202
 217 218 218 217 215 211 108  66  67 102 210 212 211 210 208 203
 216 216 216 216 214 209 106  59  64  99 211 211 211 209 208 204
 213 214 214 213 211 208 103  61  63  98 210 210 209 208 206 202

 188 189 194 196 198 201 202 204 208 208 209 209 204 212 207 206
 190 192 198 199 201 205 204 208 210 210 216 214 212 219 213 211
 141 153 144 158 158 152 162 163 172 189 221 217 216 219 216 214
  68  67  70  75  74  71  75  82  80 127 220 218 218 217 219 217
  71  71  67  74  80  77  80  86  88 130 221 221 223 221 218 216
  78  81  80  88  87  87  89  93  94 139 220 221 220 223 216 215
 183 186 200 209 203 198 204 196 190 174 104 114 112 112 109 114
 216 218 219 223 224 222 223 226 224 181  94  86  86  87  78  83
 221 222 223 226 226 225 224 227 225 180  97  87  91  88  87  82
 223 224 229 227 227 223 191 186 193 177 140 129 133 133 125 121
 225 228 231 228 228 225 126  99  94 142 224 225 225 223 222 223
 228 229 230 229 228 225 119  95  98 135 226 228 225 225 225 220
 229 227 227 227 226 225 118  99  99 138 225 229 222 224 225 221
 139 140 143 146 147 148 186 187 188 196 227 228 227 226 224 222
  82  83  93  82  89  95 214 227 229 229 229 228 228 226 224 222
  80  76  77  78  83  96 204 227 228 230 229 227 228 225 224 221
 178 182 184 186 188 191 193 195 195 198 200 202 202 202 204 202
 183 185 188 191 192 196 197 200 203 204 205 207 207 207 208 206
 145 154 151 165 167 149 162 158 169 187 210 210 209 210 209 208
  49  51  57  62  61  64  65  66  70 122 211 213 212 211 211 209
  47  51  53  56  57  59  59  59  64 110 211 214 212 211 211 210
  53  58  58  59  61  62  63  64  68 115 214 215 212 212 208 208
 157 157 175 178 166 166 177 166 161 151 112 116 118 117 121 123
 208 209 211 213 213 213 214 212 212 174  74  68  67  65  70  66
 213 215 216 217 216 217 217 215 213 176  74  72  69  66  67  68
 215 218 217 219 219 217 192 192 195 171  99  99 102  97  97  97
 217 218 219 220 220 217 109  79  78 124 210 211 210 209 207 205
 218 220 220 221 220 217 103  74  72 117 215 215 215 214 213 210
 217 219 219 219 218 217 101  76  72 120 217 217 217 217 215 212
 155 157 160 159 159 162 156 151 146 172 219 220 219 218 216 214
  59  66  62  69  72  76 202 218 219 218 220 219 219 218 216 214
  54  58  59  61  63  71 194 219 220 219 219 217 217 217 216 213
 188 189 190 192 194 197 196 199 198 204 202 202 202 203 204 202
 194 196 197 199 200 204 204 206 204 205 206 207 207 208 208 206
 136 145 141 156 156 141 153 150 164 184 211 210 209 210 209 208
  51  53  52  50  53  51  55  60  60 118 211 213 212 211 211 209
  50  52  50  50  52  53  60  61  67 111 214 214 213 212 211 210
  56  57  63  62  59  62  67  67  70 118 212 211 206 210 211 210
 170 173 191 190 177 177 192 184 177 162  97 102 104 102  99  98
 210 212 215 216 215 215 215 213 212 174  68  68  65  67  64  63
 213 215 216 218 217 217 218 218 215 179  69  63  63  66  59  61
 215 218 218 219 219 217 190 186 186 172 108 107 110 108 106 103
 217 218 220 220 220 217 104  72  72 122 212 213 212 211 209 208
 218 220 220 221 220 217  99  66  72 118 216 217 216 215 214 211
 218 219 219 219 218 217  97  67  76 122 217 219 217 217 216 213
 138 142 142 144 143 144 160 156 160 177 219 220 219 218 216 214
  60  58  62  60  65  72 203 218 218 220 220 220 219 218 216 214
  57  54  57  57  61  68 196 219 220 220 220 218 218 217 216 213

