  74  76  70  77  83  77  77  79  80 125 235 238 237 158  76  84
  75  75  81  84  83  80  82  87  86 123 236 239 237 163  86  88
 123 125 137 135 138 130  90  88  89 112 197 199 202 174 141 145
 225 226 233 233 232 228 110  84  85  91  94  98 105 186 241 245
 234 238 238 238 237 232 120  88  86  97  93  92  97 177 242 246
 235 238 237 237 236 234 125  90  94  97  91  91  98 175 245 246
 235 238 212 149 148 153 194 202 200 186  78  92  98 175 249 248
 234 238 199  91  97 103 226 241 240 227  84 101 104 192 248 246
 233 237 192  93  97 105 227 244 242 233  94 107 105 196 249 246
 215 218 188 125 134 137 230 246 247 243 131 138 136 202 251 251
  85  95 159 243 240 242 243 244 248 249 246 245 245 248 250 249
  83  81 167 244 240 242 242 244 248 251 248 248 247 249 250 249
  89  92 160 243 240 242 242 246 249 250 248 247 249 249 251 250
 168 170 178 157 159 168 232 248 245 227 165 165 168 168 171 168
 218 222 173  82  89  96 226 247 244 213  89 100  98  97  98  94
 215 221 171  78  86  96 226 243 242 211  84  94  94  92  84  88
  53  53  53  55  55  54  57  60  63  92 219 223 225 160  69  64
  60  62  57  59  61  60  59  56  62  89 220 224 226 167  77  67
 103 108 109 110 114 114  75  61  61  82 188 190 191 169 135 129
 220 221 221 223 224 226 118  68  64  66  68  72  79 149 228 228
 221 224 226 228 229 231 122  66  63  63  63  66  70 139 232 232
 221 224 229 229 229 231 124  74  72  71  63  67  73 142 234 232
 221 224 208 136 136 140 179 186 188 181  76  70  72 143 233 234
 221 224 199  75  71  77 199 227 230 225  83  70  76 160 237 239
 220 223 195  75  70  73 199 230 233 229  86  74  79 166 237 239
 202 205 183 104 104 109 207 232 236 235 115 108 107 175 238 241
  66  71 132 222 226 227 229 233 236 237 232 233 235 238 240 242
  55  59 125 225 230 232 231 233 238 241 234 235 236 237 239 242
  55  60 126 223 228 230 229 232 237 240 234 235 239 238 240 240
 148 153 154 142 144 150 214 232 237 223 160 154 153 156 162 160
 204 208 166  67  68  71 196 231 237 209  87  77  72  75  70  71
 202 207 169  65  62  63 197 229 235 207  81  70  69  67  66  65
  53  53  55  57  56  55  56  56  56  99 221 224 226 149  62  64
  54  53  60  58  56  57  58  61  59  98 222 226 227 153  68  66
 104 108 113 112 115 114  67  59  60  87 182 184 186 160 127 131
 218 221 223 224 224 222  98  61  60  63  70  72  74 159 224 230
 223 226 227 229 229 226 102  67  64  66  67  69  72 156 230 234
 222 226 229 229 229 225 105  69  67  66  65  67  70 157 230 234
 223 226 197 132 132 131 179 188 186 171  61  67  75 159 230 236
 223 226 177  69  72  76 212 229 230 212  64  70  73 174 233 233
 222 225 175  71  73  76 212 232 230 220  67  73  74 174 233 237
 202 205 170  97 101 105 215 234 232 227  98 100 107 179 232 234
  66  70 139 227 230 229 230 234 235 235 234 233 233 232 233 234
  59  62 140 230 231 232 232 234 235 234 236 237 237 236 235 234
  59  64 141 230 229 231 231 234 234 233 236 233 234 233 234 233
 144 149 152 141 144 150 217 234 232 214 154 153 153 150 155 158
 207 210 152  58  62  69 211 233 231 200  65  70  67  69  66  66
 203 209 153  54  57  66 214 231 229 198  59  62  61  62  60  60

  84  88 145 245 246 246 248 246 246 251 249 249 250 168  94  88
  76  86 141 241 242 245 249 248 249 251 250 250 251 171  98  84
 158 163 174 186 177 175 175 192 196 202 248 249 249 168  97  92
 237 237 202 105  97  98  98 104 105 136 245 247 249 168  98  94
 238 239 199  98  92  91  92 101 107 138 245 248 247 165 100  94
 235 236 197  94  93  91  78  84  94 131 246 248 248 165  89  84
 125 123 112  91  97  97 186 227 233 243 249 251 250 227 213 211
  80  86  89  85  86  94 200 240 242 247 248 248 249 245 244 242
  79  87  88  84  88  90 202 241 244 246 244 244 246 248 247 243
  77  82  90 110 120 125 194 226 227 230 243 242 242 232 226 226
  77  80 130 228 232 234 153 103 105 137 242 242 242 168  96  96
  83  83 138 232 237 236 148  97  97 134 240 240 240 159  89  86
  77  84 135 233 238 237 149  91  93 125 243 244 243 157  82  78
  70  81 137 233 238 237 212 199 192 188 159 167 160 178 173 171
  76  75 125 226 238 238 238 238 237 218  95  81  92 170 222 221
  74  75 123 225 234 235 235 234 233 215  85  83  89 168 218 215
  64  67 129 228 232 232 234 239 239 241 242 242 240 160  71  65
  69  77 135 228 232 234 233 237 237 238 240 239 240 162  70  66
 160 167 169 149 139 142 143 160 166 175 238 237 238 156  75  67
 225 226 191  79  70  73  72  76  79 107 235 236 239 153  72  69
 223 224 190  72  66  67  70  70  74 108 233 235 235 154  77  70
 219 220 188  68  63  63  76  83  86 115 232 234 234 160  87  81
  92  89  82  66  63  71 181 225 229 235 237 241 240 223 209 207
  63  62  61  64  63  72 188 230 233 236 236 238 237 237 237 235
  60  56  61  68  66  74 186 227 230 232 233 233 232 232 231 229
  57  59  75 118 122 124 179 199 199 207 229 231 229 214 196 197
  54  60 114 226 231 231 140  77  73 109 227 232 230 150  71  63
  55  61 114 224 229 229 136  71  70 104 226 230 228 144  68  62
  55  59 110 223 228 229 136  75  75 104 222 225 223 142  67  65
  53  57 109 221 226 229 208 199 195 183 132 125 126 154 166 169
  53  62 108 221 224 224 224 224 223 205  71  59  60 153 208 207
  53  60 103 220 221 221 221 221 220 202  66  55  55 148 204 202
  64  66 131 230 234 234 236 233 237 234 234 234 233 158  66  60
  62  68 127 224 230 230 230 233 233 232 233 235 234 155  66  60
 149 153 160 159 156 157 159 174 174 179 232 236 233 150  69  62
 226 227 186  74  72  70  75  73  74 107 233 237 234 153  67  61
 224 226 184  72  69  67  67  70  73 100 233 237 233 153  70  62
 221 222 182  70  67  65  61  64  67  98 234 236 236 154  65  59
  99  98  87  63  66  66 171 212 220 227 235 234 233 214 200 198
  56  59  60  60  64  67 186 230 230 232 235 235 234 232 231 229
  56  61  59  61  67  69 188 229 232 234 234 234 234 234 233 231
  56  58  67  98 102 105 179 212 212 215 230 232 231 217 211 214
  55  57 114 222 226 225 131  76  76 105 229 232 231 150  69  66
  56  56 115 224 229 229 132  72  73 101 230 231 229 144  62  57
  57  58 112 224 229 229 132  69  71  97 227 230 230 141  58  54
  55  60 113 223 227 229 197 177 175 170 139 140 141 152 152 153
  53  53 108 221 226 226 226 226 225 205  70  62  64 149 210 209
  53  54 104 218 223 222 223 223 222 202  66  59  59 144 207 203

  88  84  92  94  94  84 211 242 243 226  96  86  78 171 221 215
  94  98  97  98 100  89 213 244 247 226  96  89  82 173 222 218
 168 171 168 168 165 165 227 245 248 232 168 159 157 178 170 168
 250 251 249 249 247 248 250 249 246 242 242 240 243 160  92  89
 249 250 249 247 248 248 251 248 244 242 242 240 244 167  81  83
 249 250 248 245 245 246 249 248 244 243 242 240 243 159  95  85
 251 251 202 136 138 131 243 247 246 230 137 134 125 188 218 215
 246 249 196 105 107  94 233 242 244 227 105  97  93 192 237 233
 246 248 192 104 101  84 227 240 241 226 103  97  91 199 238 234
 248 249 175  98  92  78 186 200 202 194 153 148 149 212 238 235
 246 245 175  98  91  91  97  94  90 125 234 236 237 237 238 235
 246 242 177  97  92  93  97  86  88 120 232 237 238 238 238 234
 245 241 186 105  98  94  91  85  84 110 228 232 233 233 226 225
 145 141 174 202 199 197 112  89  88  90 130 138 135 137 125 123
  88  86 163 237 239 236 123  86  87  82  80  83  84  81  75  75
  84  76 158 237 238 235 125  80  79  77  77  83  77  70  76  74
  65  66  67  69  70  81 207 235 229 197  63  62  65 169 207 202
  71  70  75  72  77  87 209 237 231 196  71  68  67 166 208 204
 160 162 156 153 154 160 223 237 232 214 150 144 142 154 153 148
 240 240 238 239 235 234 240 237 232 229 230 228 223 126  60  55
 242 239 237 236 235 234 241 238 233 231 232 230 225 125  59  55
 242 240 238 235 233 232 237 236 233 229 227 226 222 132  71  66
 241 238 175 107 108 115 235 236 232 207 109 104 104 183 205 202
 239 237 166  79  74  86 229 233 230 199  73  70  75 195 223 220
 239 237 160  76  70  83 225 230 227 199  77  71  75 199 224 221
 234 233 143  72  70  76 181 188 186 179 140 136 136 208 224 221
 232 234 142  73  67  63  71  72  74 124 231 229 229 229 224 221
 232 232 139  70  66  63  63  63  66 122 231 229 228 226 224 221
 228 228 149  79  72  68  66  64  68 118 226 224 223 221 221 220
 129 135 169 191 190 188  82  61  61  75 114 114 110 109 108 103
  67  77 167 226 224 220  89  62  56  59  60  61  59  57  62  60
  64  69 160 225 223 219  92  63  60  57  54  55  55  53  53  53
  60  60  62  61  62  59 198 229 231 214  66  57  54 153 209 203
  66  66  69  67  70  65 200 231 233 211  69  62  58 152 210 207
 158 155 150 153 153 154 214 232 234 217 150 144 141 152 149 144
 233 234 233 234 233 236 233 234 234 231 231 229 230 141  64  59
 234 235 236 237 237 236 234 235 234 232 232 231 230 140  62  59
 234 233 232 233 233 234 235 235 234 230 229 230 227 139  70  66
 234 232 179 107 100  98 227 232 234 215 105 101  97 170 205 202
 237 233 174  74  73  67 220 230 232 212  76  73  71 175 225 222
 233 233 174  73  70  64 212 230 229 212  76  72  69 177 226 223
 236 230 159  75  67  61 171 186 188 179 131 132 132 197 226 223
 234 230 157  70  67  65  66  67  69 105 225 229 229 229 226 222
 234 230 156  72  69  67  66  64  67 102 226 229 229 227 226 223
 230 224 159  74  72  70  63  60  61  98 222 224 224 223 221 218
 131 127 160 186 184 182  87  60  59  67 114 115 112 113 108 104
  66  68 153 227 226 222  98  59  61  58  57  56  58  60  53  54
  64  62 149 226 224 221  99  56  56  56  55  56  57  55  53  53

 215 218 168  89  83  85 215 233 234 235 235 234 225 123  75  74
 221 222 170  92  81  95 218 237 238 238 238 238 226 125  75  76
 171 173 178 160 167 159 188 192 199 212 237 238 233 137  81  70
  78  82 157 243 244 243 125  93  91 149 237 238 233 135  84  77
  86  89 159 240 240 240 134  97  97 148 236 237 232 138  83  83
  96  96 168 242 242 242 137 105 103 153 234 232 228 130  80  77
 226 226 232 242 242 243 230 227 226 194 125 120 110  90  82  77
 243 247 248 246 244 244 246 244 241 202  90  88  84  88  87  79
 242 244 245 249 248 248 247 242 240 200  94  86  85  89  86  80
 211 213 227 250 251 249 243 233 227 186  97  97  91 112 123 125
  84  89 165 248 248 246 131  94  84  78  91  93  94 197 236 235
  94 100 165 247 248 245 138 107 101  92  91  92  98 199 239 238
  94  98 168 249 247 245 136 105 104  98  98  97 105 202 237 237
  92  97 168 249 249 248 202 196 192 175 175 177 186 174 163 158
  84  98 171 251 250 250 251 249 248 249 245 242 241 141  86  76
  88  94 168 250 249 249 251 246 246 248 246 246 245 145  88  84
 202 204 148  55  55  66 202 220 221 221 221 221 220 103  60  53
 207 208 153  60  59  71 205 223 224 224 224 224 221 108  62  53
 169 166 154 126 125 132 183 195 199 208 229 226 221 109  57  53
  65  67 142 223 225 222 104  75  75 136 229 228 223 110  59  55
  62  68 144 228 230 226 104  70  71 136 229 229 224 114  61  55
  63  71 150 230 232 227 109  73  77 140 231 231 226 114  60  54
 197 196 214 229 231 229 207 199 199 179 124 122 118  75  59  57
 229 231 232 232 233 233 232 230 227 186  74  66  68  61  56  60
 235 237 237 237 238 236 236 233 230 188  72  63  64  61  62  63
 207 209 223 240 241 237 235 229 225 181  71  63  66  82  89  92
  81  87 160 234 234 232 115  86  83  76  63  63  68 188 220 219
  70  77 154 235 235 233 108  74  70  70  67  66  72 190 224 223
  69  72 153 239 236 235 107  79  76  72  73  70  79 191 226 225
  67  75 156 238 237 238 175 166 160 143 142 139 149 169 167 160
  66  70 162 240 239 240 238 237 237 233 234 232 228 135  77  69
  65  71 160 240 242 242 241 239 239 234 232 232 228 129  67  64
 203 207 144  59  59  66 202 222 223 223 222 223 218 104  54  53
 209 210 149  64  62  70 205 225 226 226 226 226 221 108  53  53
 153 152 152 141 140 139 170 175 177 197 229 227 223 113  60  55
  54  58 141 230 230 227  97  71  69 132 229 229 224 112  58  57
  57  62 144 229 231 230 101  73  72 132 229 229 224 115  56  56
  66  69 150 231 232 229 105  76  76 131 225 226 222 114  57  55
 214 211 217 231 232 230 215 212 212 179 105 102  98  67  58  56
 231 233 234 234 234 234 234 232 229 188  69  67  61  59  61  56
 229 231 232 234 235 235 232 230 230 186  67  64  60  60  59  56
 198 200 214 233 234 235 227 220 212 171  66  66  63  87  98  99
  59  65 154 236 236 234  98  67  64  61  65  67  70 182 222 221
  62  70 153 233 237 233 100  73  70  67  67  69  72 184 226 224
  61  67 153 234 237 233 107  74  73  75  70  72  74 186 227 226
  62  69 150 233 236 232 179 174 174 159 157 156 159 160 153 149
  60  66 155 234 235 233 232 233 233 230 230 230 224 127  68  62
  60  66 158 233 234 234 234 237 233 236 234 234 230 131  66  64

