  66  71  82  80  78  80  74  78  83 110 238 231 237 150  86  82
  76  78  78  78  78  83  81  77  80 111 240 231 236 154  90  89
 128 129 130 127 128 136  91  83  87 107 192 189 189 162 151 156
 226 228 231 230 227 232 115  82  82  84  86  91  96 177 237 237
 232 236 235 236 236 234 128  85  83  88  88  92  91 187 246 242
 232 234 237 237 238 231 133  97  96  93  84  93 100 181 247 247
 227 233 209 141 144 142 191 206 204 181  85  91  96 185 247 245
 229 232 190  88  89  99 213 241 238 214  90  90  98 185 248 243
 232 234 179  90  92  97 209 243 240 229  91  97 100 184 247 244
 229 234 186  81  84  97 215 244 243 233 134 132 135 183 225 218
 226 232 186  83  87  92 215 245 244 245 243 242 243 164  98 103
 225 231 173  79  89  98 220 243 246 248 249 248 245 167  91  89
 221 224 176  79  86  95 223 244 247 249 250 250 250 169  86  89
 215 221 190  81  84  88 207 245 248 249 250 251 250 166  84  90
 210 219 184  68  78  90 202 242 247 247 250 249 248 163  81  82
 209 216 172  69  80  88 197 237 241 243 248 248 247 164  83  82
  52  54  57  55  53  53  58  60  62  80 214 226 225 159  73  64
  57  61  61  62  63  58  59  59  62  84 215 228 228 161  76  68
 109 108 112 113 118 120  81  62  64  82 172 181 181 162 137 137
 220 221 223 225 225 228 119  67  67  68  67  72  77 151 225 228
 221 223 227 228 229 230 125  66  68  71  65  67  69 154 230 233
 221 226 229 229 229 231 134  75  73  74  70  71  73 153 230 233
 221 225 207 132 129 125 176 191 194 177  75  69  73 154 231 234
 220 224 192  79  74  76 186 227 230 211  82  72  75 151 233 235
 218 222 180  77  70  75 179 229 234 225  81  75  79 149 233 235
 217 220 187  74  68  73 185 230 236 228 122 115 111 161 214 206
 215 218 184  72  65  73 188 231 235 237 234 233 233 171  86  79
 214 217 173  72  67  71 196 232 236 239 238 239 238 174  80  73
 213 215 172  68  65  69 197 231 234 236 240 240 240 176  79  71
 208 213 190  67  58  67 176 229 234 235 240 241 240 176  76  66
 205 211 184  67  60  65 175 227 232 233 238 239 239 173  75  66
 200 205 168  64  59  63 172 227 231 234 234 236 237 173  76  67
  54  54  51  53  57  57  55  54  56  93 224 221 226 139  61  64
  53  56  56  57  58  61  62  61  59  96 226 222 228 145  66  67
 110 110 113 114 119 120  72  61  61  83 177 179 182 154 135 140
 219 221 223 225 225 223  96  60  59  63  70  71  73 154 226 228
 222 225 227 228 229 226 103  66  63  65  62  66  72 159 232 233
 222 226 229 229 229 227 112  69  67  66  58  63  68 157 232 235
 220 225 195 127 130 124 180 188 190 169  60  63  68 159 233 235
 219 224 171  70  69  71 196 229 227 201  63  66  70 156 234 235
 217 223 159  65  63  69 191 231 227 216  64  69  70 154 234 235
 217 222 172  63  63  68 196 232 232 221 106 108 113 161 213 207
 216 220 169  64  65  69 199 233 235 237 229 229 230 156  79  78
 213 219 156  60  59  69 209 233 232 234 233 233 232 158  68  63
 211 215 154  58  58  64 212 233 234 236 233 233 233 156  65  63
 208 213 173  56  62  64 190 231 236 237 233 234 233 157  65  63
 206 211 169  53  57  61 187 229 234 235 235 236 235 156  66  62
 203 206 155  50  53  62 187 228 232 234 236 234 232 155  65  60

  82  89 156 237 242 247 245 243 244 218 103  89  89  90  82  82
  86  90 151 237 246 247 247 248 247 225  98  91  86  84  81  83
 150 154 162 177 187 181 185 185 184 183 164 167 169 166 163 164
 237 236 189  96  91 100  96  98 100 135 243 245 250 250 248 247
 231 231 189  91  92  93  91  90  97 132 242 248 250 251 249 248
 238 240 192  86  88  84  85  90  91 134 243 249 250 250 250 248
 110 111 107  84  88  93 181 214 229 233 245 248 249 249 247 243
  83  80  87  82  83  96 204 238 240 243 244 246 247 248 247 241
  78  77  83  82  85  97 206 241 243 244 245 243 244 245 242 237
  74  81  91 115 128 133 191 213 209 215 215 220 223 207 202 197
  80  83 136 232 234 231 142  99  97  97  92  98  95  88  90  88
  78  78 128 227 236 238 144  89  92  84  87  89  86  84  78  80
  80  78 127 230 236 237 141  88  90  81  83  79  79  81  68  69
  82  78 130 231 235 237 209 190 179 186 186 173 176 190 184 172
  71  78 129 228 236 234 233 232 234 234 232 231 224 221 219 216
  66  76 128 226 232 232 227 229 232 229 226 225 221 215 210 209
  64  68 137 228 233 233 234 235 235 206  79  73  71  66  66  67
  73  76 137 225 230 230 231 233 233 214  86  80  79  76  75  76
 159 161 162 151 154 153 154 151 149 161 171 174 176 176 173 173
 225 228 181  77  69  73  73  75  79 111 233 238 240 240 239 237
 226 228 181  72  67  71  69  72  75 115 233 239 240 241 239 236
 214 215 172  67  65  70  75  82  81 122 234 238 240 240 238 234
  80  84  82  68  71  74 177 211 225 228 237 239 236 235 233 234
  62  62  64  67  68  73 194 230 234 236 235 236 234 234 232 231
  60  59  62  67  66  75 191 227 229 230 231 232 231 229 227 227
  58  59  81 119 125 134 176 186 179 185 188 196 197 176 175 172
  53  58 120 228 230 231 125  76  75  73  73  71  69  67  65  63
  53  63 118 225 229 229 129  74  70  68  65  67  65  58  60  59
  55  62 113 225 228 229 132  79  77  74  72  72  68  67  67  64
  57  61 112 223 227 229 207 192 180 187 184 173 172 190 184 168
  54  61 108 221 223 226 225 224 222 220 218 217 215 213 211 205
  52  57 109 220 221 221 221 220 218 217 215 214 213 208 205 200
  64  67 140 228 233 235 235 235 235 207  78  63  63  63  62  60
  61  66 135 226 232 232 233 234 234 213  79  68  65  65  66  65
 139 145 154 154 159 157 159 156 154 161 156 158 156 157 156 155
 226 228 182  73  72  68  68  70  70 113 230 232 233 233 235 232
 221 222 179  71  66  63  63  66  69 108 229 233 233 234 236 234
 224 226 177  70  62  58  60  63  64 106 229 233 233 233 235 236
  93  96  83  63  65  66 169 201 216 221 237 234 236 237 235 234
  56  59  61  59  63  67 190 227 227 232 235 232 234 236 234 232
  54  61  61  60  66  69 188 229 231 232 233 233 233 231 229 228
  55  62  72  96 103 112 180 196 191 196 199 209 212 190 187 187
  57  61 120 223 226 227 124  71  69  68  69  69  64  64  61  62
  57  58 119 225 229 229 130  69  63  63  65  59  58  62  57  53
  53  57 114 225 228 229 127  70  65  63  64  60  58  56  53  50
  51  56 113 223 227 229 195 171 159 172 169 156 154 173 169 155
  54  56 110 221 225 226 225 224 223 222 220 219 215 213 211 206
  54  53 110 219 222 222 220 219 217 217 216 213 211 208 206 203

  82  83 164 247 248 248 243 241 237 197  88  80  69 172 216 209
  82  81 163 248 249 250 247 247 242 202  90  78  68 184 219 210
  90  84 166 250 251 250 249 248 245 207  88  84  81 190 221 215
  89  86 169 250 250 250 249 247 244 223  95  86  79 176 224 221
  89  91 167 245 248 249 248 246 243 220  98  89  79 173 231 225
 103  98 164 243 242 243 245 244 245 215  92  87  83 186 232 226
 218 225 183 135 132 134 233 243 244 215  97  84  81 186 234 229
 244 247 184 100  97  91 229 240 243 209  97  92  90 179 234 232
 243 248 185  98  90  90 214 238 241 213  99  89  88 190 232 229
 245 247 185  96  91  85 181 204 206 191 142 144 141 209 233 227
 247 247 181 100  93  84  93  96  97 133 231 238 237 237 234 232
 242 246 187  91  92  88  88  83  85 128 234 236 236 235 236 232
 237 237 177  96  91  86  84  82  82 115 232 227 230 231 228 226
 156 151 162 189 189 192 107  87  83  91 136 128 127 130 129 128
  89  90 154 236 231 240 111  80  77  81  83  78  78  78  78  76
  82  86 150 237 231 238 110  83  78  74  80  78  80  82  71  66
  67  76 173 237 236 234 234 231 227 172  63  59  64 168 205 200
  66  75 173 239 239 238 233 232 227 175  65  60  67 184 211 205
  66  76 176 240 241 240 235 234 229 176  67  58  67 190 213 208
  71  79 176 240 240 240 236 234 231 197  69  65  68 172 215 213
  73  80 174 238 239 238 239 236 232 196  71  67  72 173 217 214
  79  86 171 233 233 234 237 235 231 188  73  65  72 184 218 215
 206 214 161 111 115 122 228 236 230 185  73  68  74 187 220 217
 235 233 149  79  75  81 225 234 229 179  75  70  77 180 222 218
 235 233 151  75  72  82 211 230 227 186  76  74  79 192 224 220
 234 231 154  73  69  75 177 194 191 176 125 129 132 207 225 221
 233 230 153  73  71  70  74  73  75 134 231 229 229 229 226 221
 233 230 154  69  67  65  71  68  66 125 230 229 228 227 223 221
 228 225 151  77  72  67  68  67  67 119 228 225 225 223 221 220
 137 137 162 181 181 172  82  64  62  81 120 118 113 112 108 109
  68  76 161 228 228 215  84  62  59  59  58  63  62  61  61  57
  64  73 159 225 226 214  80  62  60  58  53  53  55  57  54  52
  60  65 155 232 234 236 234 232 228 187  62  53  50 155 206 203
  62  66 156 235 236 235 235 234 229 187  61  57  53 169 211 206
  63  65 157 233 234 233 237 236 231 190  64  62  56 173 213 208
  63  65 156 233 233 233 236 234 233 212  64  58  58 154 215 211
  63  68 158 232 233 233 234 232 233 209  69  59  60 156 219 213
  78  79 156 230 229 229 237 235 233 199  69  65  64 169 220 216
 207 213 161 113 108 106 221 232 232 196  68  63  63 172 222 217
 235 234 154  70  69  64 216 227 231 191  69  63  65 159 223 217
 235 234 156  70  66  63 201 227 229 196  71  69  70 171 224 219
 235 233 159  68  63  60 169 190 188 180 124 130 127 195 225 220
 235 232 157  68  63  58  66  67  69 112 227 229 229 229 226 222
 233 232 159  72  66  62  65  63  66 103 226 229 228 227 225 222
 228 226 154  73  71  70  63  59  60  96 223 225 225 223 221 219
 140 135 154 182 179 177  83  61  61  72 120 119 114 113 110 110
  67  66 145 228 222 226  96  59  61  62  61  58  57  56  56  53
  64  61 139 226 221 224  93  56  54  55  57  57  53  51  54  54

 209 210 215 221 225 226 229 232 229 227 232 232 226 128  76  66
 216 219 221 224 231 232 234 234 232 233 234 236 228 129  78  71
 172 184 190 176 173 186 186 179 190 209 237 235 231 130  78  82
  69  68  81  79  79  83  81  90  88 141 237 236 230 127  78  80
  80  78  84  86  89  87  84  92  89 144 238 236 227 128  78  78
  88  90  88  95  98  92  97  97  99 142 231 234 232 136  83  80
 197 202 207 223 220 215 215 209 213 191 133 128 115  91  81  74
 237 242 245 244 243 245 244 243 241 206  97  85  82  83  77  78
 241 247 248 247 246 244 243 240 238 204  96  83  82  87  80  83
 243 247 249 249 248 245 233 229 214 181  93  88  84 107 111 110
 248 250 250 250 249 243 134  91  90  85  84  88  86 192 240 238
 248 249 251 250 248 242 132  97  90  91  93  92  91 189 231 231
 247 248 250 250 245 243 135 100  98  96 100  91  96 189 236 237
 164 163 166 169 167 164 183 184 185 185 181 187 177 162 154 150
  83  81  84  86  91  98 225 247 248 247 247 246 237 151  90  86
  82  82  90  89  89 103 218 244 243 245 247 242 237 156  89  82
 200 205 208 213 214 215 217 218 220 221 221 221 220 109  57  52
 205 211 213 215 217 218 220 222 224 225 226 223 221 108  61  54
 168 184 190 172 173 184 187 180 192 207 229 227 223 112  61  57
  64  67  67  68  72  72  74  77  79 132 229 228 225 113  62  55
  59  60  58  65  67  65  68  70  74 129 229 229 225 118  63  53
  63  65  67  69  71  73  73  75  76 125 231 230 228 120  58  53
 172 175 176 197 196 188 185 179 186 176 134 125 119  81  59  58
 227 227 229 231 232 231 230 229 227 191  75  66  67  62  59  60
 231 232 234 234 236 235 236 234 230 194  73  68  67  64  62  62
 234 233 235 236 239 237 228 225 211 177  74  71  68  82  84  80
 234 238 240 240 238 234 122  81  82  75  70  65  67 172 215 214
 236 239 241 240 239 233 115  75  72  69  71  67  72 181 228 226
 237 239 240 240 238 233 111  79  75  73  73  69  77 181 228 225
 173 173 176 176 174 171 161 149 151 154 153 154 151 162 161 159
  76  75  76  79  80  86 214 233 233 231 230 230 225 137  76  73
  67  66  66  71  73  79 206 235 235 234 233 233 228 137  68  64
 203 206 208 211 213 216 217 217 219 220 222 222 219 110  53  54
 206 211 213 215 219 220 222 223 224 225 226 225 221 110  56  54
 155 169 173 154 156 169 172 159 171 195 229 227 223 113  56  51
  50  53  56  58  60  64  63  65  70 127 229 228 225 114  57  53
  53  57  62  58  59  65  63  63  69 130 229 229 225 119  58  57
  62  61  64  64  69  69  68  69  71 124 227 226 223 120  61  57
 187 187 190 212 209 199 196 191 196 180 112 103  96  72  62  55
 228 229 231 233 233 233 232 231 229 188  69  66  60  61  61  54
 232 234 236 234 232 235 232 227 227 190  67  63  59  61  59  56
 234 235 237 236 234 237 221 216 201 169  66  65  63  83  96  93
 236 235 233 233 233 229 106  64  63  60  58  62  70 177 226 224
 234 236 234 233 233 229 108  69  66  63  63  66  71 179 222 221
 232 235 233 233 232 230 113  70  70  68  68  72  73 182 228 226
 155 156 157 156 158 156 161 154 156 159 157 159 154 154 145 139
  65  66  65  65  68  79 213 234 234 233 232 232 226 135  66  61
  60  62  63  63  63  78 207 235 235 235 235 233 228 140  67  64

