  60  60  63  67  71  67  67  70  80 117 234 227 229 151  81  80
  63  64  72  76  70  70  69  69  76 129 233 231 227 142  76  88
 110 119 130 129 129 129  83  75  80 117 182 181 181 165 150 152
 209 205 211 219 218 215 106  75  74  77  81  84  94 181 235 235
 207 207 214 219 219 220 102  79  80  76  80  85  90 185 237 238
 203 205 212 215 220 220 105  84  86  85  81  80  88 189 237 239
 202 202 174 122 125 131 177 188 191 172  77  90  91 180 236 239
 199 198 158  71  78  83 213 219 226 198  75  82  92 185 236 238
 196 198 158  70  76  82 206 219 226 199  83  84  92 195 235 238
 186 183 143  66  73  79 216 218 225 198 112 117 118 171 208 209
  74  70  65  65  74  82 201 216 222 224 224 224 226 145  90  92
  64  63  66  70  75  82 200 217 223 225 226 228 223 145  93  86
  66  70  72  69  75  83 195 213 219 223 224 226 222 140  94  85
 133 137 138 147 149 155 203 213 219 205 157 156 151 161 166 171
 185 192 193 194 198 207 208 213 218 193  85  88  92 178 221 224
 184 192 197 197 200 204 207 209 208 183  72  81  88 189 218 223
  47  52  53  55  54  56  57  58  63  87 217 225 227 151  72  64
  53  55  56  58  58  59  60  56  60  92 217 225 227 149  76  66
  97 100 110 110 111 115  79  59  58  86 173 177 175 158 144 139
 192 201 205 209 214 214 109  61  59  65  70  74  76 151 224 229
 193 199 205 210 213 216 105  65  63  64  64  67  69 155 226 232
 193 199 205 207 212 215 104  69  67  66  63  64  69 153 227 232
 191 200 172 113 113 118 163 178 183 170  67  64  70 150 228 231
 191 200 165  68  63  65 180 213 215 202  74  68  68 159 227 230
 188 193 158  62  59  62 172 214 217 202  77  71  71 166 223 228
 173 175 143  58  59  64 184 211 215 199 109 104 103 153 197 203
  52  56  55  56  56  63 166 210 212 217 218 218 217 159  77  74
  47  49  53  52  54  59 164 208 211 214 216 220 219 163  69  65
  47  51  53  57  58  62 167 207 208 212 214 216 216 158  71  68
 126 128 129 133 134 140 188 204 207 200 141 142 137 152 154 162
 174 180 186 186 189 195 196 200 205 190  70  64  66 145 211 215
 174 179 183 183 186 190 193 197 202 184  67  59  62 156 209 214
  46  41  44  45  47  46  45  46  54  89 213 211 213 124  55  54
  48  47  47  47  48  48  48  47  55  98 212 212 213 122  58  61
  96 100 106 103 104 105  62  50  53  81 162 164 161 147 131 126
 195 194 198 202 205 202  79  54  51  53  57  61  66 154 217 217
 194 199 202 203 205 206  79  52  52  51  52  56  62 158 219 220
 194 195 199 200 202 202  83  54  56  55  52  52  60 160 220 220
 192 191 157 102 103 112 161 165 169 148  50  53  61 156 216 219
 191 189 146  48  55  59 187 203 207 177  56  58  61 163 217 218
 188 191 140  47  49  52 181 201 205 178  59  56  61 173 216 218
 175 173 128  48  48  52 194 200 206 178  90  92  91 148 190 192
  50  48  45  43  45  52 177 200 205 204 205 209 207 125  65  65
  40  41  44  44  47  54 174 199 204 207 208 209 208 131  57  53
  41  42  42  44  47  51 173 196 201 205 206 206 205 129  58  55
 120 123 123 127 127 131 185 196 200 189 129 130 126 139 141 147
 175 181 186 186 187 188 194 198 198 177  54  54  57 153 204 205
 175 180 184 185 188 191 195 197 195 170  47  47  52 163 206 206

  80  88 152 235 238 239 239 238 238 209  92  86  85 171 224 223
  81  76 150 235 237 237 236 236 235 208  90  93  94 166 221 218
 151 142 165 181 185 189 180 185 195 171 145 145 140 161 178 189
 229 227 181  94  90  88  91  92  92 118 226 223 222 151  92  88
 227 231 181  84  85  80  90  82  84 117 224 228 226 156  88  81
 234 233 182  81  80  81  77  75  83 112 224 226 224 157  85  72
 117 129 117  77  76  85 172 198 199 198 224 225 223 205 193 183
  80  76  80  74  80  86 191 226 226 225 222 223 219 219 218 208
  70  69  75  75  79  84 188 219 219 218 216 217 213 213 213 209
  67  69  83 106 102 105 177 213 206 216 201 200 195 203 208 207
  67  70 129 215 220 220 131  83  82  79  82  82  83 155 207 204
  71  70 129 218 219 220 125  78  76  73  74  75  75 149 198 200
  67  76 129 219 219 215 122  71  70  66  65  70  69 147 194 197
  63  72 130 211 214 212 174 158 158 143  65  66  72 138 193 197
  60  64 119 205 207 205 202 198 198 183  70  63  70 137 192 192
  60  63 110 209 207 203 202 199 196 186  74  64  66 133 185 184
  64  66 139 229 232 232 231 230 228 203  74  65  68 162 215 214
  72  76 144 224 226 227 228 227 223 197  77  69  71 154 211 209
 151 149 158 151 155 153 150 159 166 153 159 163 158 152 145 156
 227 227 175  76  69  69  70  68  71 103 217 219 216 137  66  62
 225 225 177  74  67  64  64  68  71 104 218 220 216 142  64  59
 217 217 173  70  64  63  67  74  77 109 218 216 214 141  70  67
  87  92  86  65  64  66 170 202 202 199 217 214 212 200 190 184
  63  60  58  59  63  67 183 215 217 215 212 211 208 207 205 202
  58  56  59  61  65  69 178 213 214 211 210 208 207 204 200 197
  57  60  79 109 105 104 163 180 172 184 166 164 167 188 196 193
  56  59 115 214 216 215 118  65  62  64  63  59  62 140 195 190
  54  58 111 214 213 212 113  63  59  59  56  54  58 134 189 186
  55  58 110 209 210 207 113  68  62  58  56  52  57 133 186 183
  53  56 110 205 205 205 172 165 158 143  55  53  53 129 186 183
  52  55 100 201 199 199 200 200 193 175  56  49  51 128 180 179
  47  53  97 192 193 193 191 191 188 173  52  47  47 126 174 174
  54  61 126 217 220 220 219 218 218 192  65  53  55 147 205 206
  55  58 131 217 219 220 216 217 216 190  65  57  58 141 204 206
 124 122 147 154 158 160 156 163 173 148 125 131 129 139 153 163
 213 213 161  66  62  60  61  61  61  91 207 208 205 126  57  52
 211 212 164  61  56  52  53  58  56  92 209 209 206 130  54  47
 213 212 162  57  52  52  50  56  59  90 205 208 206 129  54  47
  89  98  81  53  51  55 148 177 178 178 204 207 205 189 177 170
  54  55  53  51  52  56 169 207 205 206 205 204 201 200 198 195
  46  47  50  54  52  54 165 203 201 200 200 199 196 196 198 197
  45  48  62  79  79  83 161 187 181 194 177 174 173 185 194 195
  46  48 105 202 206 202 112  59  52  52  52  54  51 131 188 191
  47  48 104 205 205 202 103  55  49  48  45  47  47 127 187 188
  45  47 103 202 203 200 102  48  47  48  43  44  44 127 186 185
  44  47 106 198 202 199 157 146 140 128  45  44  42 123 186 184
  41  47 100 194 199 195 191 189 191 173  48  41  42 123 181 180
  46  48  96 195 194 194 192 191 188 175  50  40  41 120 175 175

 223 218 189  88  81  72 183 208 209 207 204 200 197 197 192 184
 224 221 178  92  88  85 193 218 213 208 207 198 194 193 192 185
 171 166 161 151 156 157 205 219 213 203 155 149 147 138 137 133
  85  94 140 222 226 224 223 219 213 195  83  75  69  72  70  66
  86  93 145 223 228 226 225 223 217 200  82  75  70  66  63  64
  92  90 145 226 224 224 224 222 216 201  82  74  65  65  70  74
 209 208 171 118 117 112 198 225 218 216  79  73  66 143 183 186
 238 235 195  92  84  83 199 226 219 206  82  76  70 158 198 196
 238 236 185  92  82  75 198 226 219 213  83  78  71 158 198 199
 239 236 180  91  90  77 172 191 188 177 131 125 122 174 202 202
 239 237 189  88  80  81  85  86  84 105 220 220 215 212 205 203
 238 237 185  90  85  80  76  80  79 102 220 219 219 214 207 207
 235 235 181  94  84  81  77  74  75 106 215 218 219 211 205 209
 152 150 165 181 181 182 117  80  75  83 129 129 129 130 119 110
  88  76 142 227 231 233 129  76  69  69  70  70  76  72  64  63
  80  81 151 229 227 234 117  80  70  67  67  71  67  63  60  60
 214 209 156  62  59  67 184 202 197 193 190 186 183 183 179 174
 215 211 145  66  64  70 190 205 200 196 195 189 186 186 180 174
 162 154 152 137 142 141 200 207 204 188 140 134 133 129 128 126
  68  71 158 216 216 214 212 208 207 167  62  58  57  53  51  47
  65  69 163 219 220 216 214 211 208 164  59  54  52  53  49  47
  74  77 159 217 218 218 217 212 210 166  63  56  56  55  56  52
 203 197 153 103 104 109 199 215 211 184  64  59  58 143 175 173
 228 223 166  71  71  77 202 217 214 172  62  59  62 158 193 188
 230 227 159  68  68  74 202 215 213 180  65  63  68 165 200 191
 231 228 150  70  64  67 170 183 178 163 118 113 113 172 200 191
 232 227 153  69  64  63  66  67  69 104 215 212 207 205 199 193
 232 226 155  69  67  64  64  63  65 105 216 213 210 205 199 193
 229 224 151  76  74  70  65  59  61 109 214 214 209 205 201 192
 139 144 158 175 177 173  86  58  59  79 115 111 110 110 100  97
  66  76 149 227 225 217  92  60  56  60  59  58  58  56  55  53
  64  72 151 227 225 217  87  63  58  57  56  54  55  53  52  47
 206 206 163  52  47  47 170 195 197 195 191 188 185 184 180 175
 205 204 153  57  54  54 177 198 198 194 188 187 186 186 181 175
 147 141 139 126 130 129 189 200 196 185 131 127 127 123 123 120
  55  58 129 205 206 206 205 201 196 173  51  47  44  42  42  41
  53  57 131 208 209 208 207 204 199 174  54  47  44  44  41  40
  65  65 125 207 209 205 204 205 200 177  52  45  43  45  48  50
 192 190 148  91  92  90 178 206 200 194  52  48  48 128 173 175
 218 216 173  61  56  59 178 205 201 181  52  49  47 140 191 188
 218 217 163  61  58  56 177 207 203 187  59  55  48 146 189 191
 219 216 156  61  53  50 148 169 165 161 112 103 102 157 191 192
 220 220 160  60  52  52  55  56  54  83 202 202 200 199 195 194
 220 219 158  62  56  52  51  52  52  79 206 205 203 202 199 194
 217 217 154  66  61  57  53  51  54  79 202 205 202 198 194 195
 126 131 147 161 164 162  81  53  50  62 105 104 103 106 100  96
  61  58 122 213 212 212  98  55  47  48  48  48  47  47  47  48
  54  55 124 213 211 213  89  54  46  45  46  47  45  44  41  46

 184 185 133  66  64  74 186 196 199 202 203 207 209 110  63  60
 192 192 137  70  63  70 183 198 198 202 205 207 205 119  64  60
 197 193 138  72  66  65 143 158 158 174 212 214 211 130  72  63
 197 194 147  69  70  65  66  70  71 122 215 219 219 129  76  67
 200 198 149  75  75  74  73  76  78 125 220 219 218 129  70  71
 204 207 155  83  82  82  79  82  83 131 220 220 215 129  70  67
 207 208 203 195 200 201 216 206 213 177 105 102 106  83  69  67
 209 213 213 213 217 216 218 219 219 188  84  79  75  75  69  70
 208 218 219 219 223 222 225 226 226 191  86  80  74  80  76  80
 183 193 205 223 225 224 198 199 198 172  85  76  77 117 129 117
  72  85 157 224 226 224 112  83  75  77  81  80  81 182 233 234
  81  88 156 226 228 224 117  84  82  90  80  85  84 181 231 227
  88  92 151 222 223 226 118  92  92  91  88  90  94 181 227 229
 189 178 161 140 145 145 171 195 185 180 189 185 181 165 142 151
 218 221 166  94  93  90 208 235 236 236 237 237 235 150  76  81
 223 224 171  85  86  92 209 238 238 239 239 238 235 152  88  80
 174 174 126  47  47  52 173 188 191 191 193 193 192  97  53  47
 179 180 128  51  49  56 175 193 200 200 199 199 201 100  55  52
 183 186 129  53  53  55 143 158 165 172 205 205 205 110  56  53
 183 186 133  57  52  56  58  62  68 113 207 210 209 110  58  55
 186 189 134  58  54  56  59  59  63 113 212 213 214 111  58  54
 190 195 140  62  59  63  64  62  65 118 215 216 214 115  59  56
 193 196 188 167 164 166 184 172 180 163 104 105 109  79  60  57
 197 200 204 207 208 210 211 214 213 178  69  65  61  59  56  58
 202 205 207 208 211 212 215 217 215 183  67  63  59  58  60  63
 184 190 200 212 214 217 199 202 202 170  66  64  65  86  92  87
  67  70 141 214 216 218 109  77  74  67  63  64  70 173 217 217
  59  64 142 216 220 218 104  71  68  64  64  67  74 177 225 225
  62  66 137 216 219 217 103  71  68  70  69  69  76 175 227 227
 156 145 152 158 163 159 153 166 159 150 153 155 151 158 149 151
 209 211 154  71  69  77 197 223 227 228 227 226 224 144  76  72
 214 215 162  68  65  74 203 228 230 231 232 232 229 139  66  64
 175 175 120  41  40  50 175 188 191 192 194 194 195  96  48  46
 180 181 123  42  41  48 173 191 189 191 195 199 194 100  47  41
 184 186 123  42  44  45 128 140 146 157 199 202 198 106  47  44
 185 186 127  44  44  43  48  47  48 102 200 203 202 103  47  45
 188 187 127  47  47  45  48  49  55 103 202 205 205 104  48  47
 191 188 131  51  54  52  52  52  59 112 202 206 202 105  48  46
 195 194 185 173 174 177 194 181 187 161  83  79  79  62  48  45
 197 198 196 196 199 200 200 201 203 165  54  52  54  50  47  46
 195 198 200 201 204 205 206 205 207 169  56  52  51  53  55  54
 170 177 189 205 207 204 178 178 177 148  55  51  53  81  98  89
  47  54 129 206 208 205  90  59  56  50  52  52  57 162 212 213
  47  54 130 206 209 209  92  56  58  53  52  56  61 164 212 211
  52  57 126 205 208 207  91  61  61  61  60  62  66 161 213 213
 163 153 139 129 131 125 148 173 163 156 160 158 154 147 122 124
 206 204 141  58  57  65 190 216 217 216 220 219 217 131  58  55
 206 205 147  55  53  65 192 218 218 219 220 220 217 126  61  54

