  63  67  70  72  72  73  71  74  86 127 239 234 227 147  72  74
  84  74  78  75  81  86  76  76  82 126 238 234 231 150  85  82
 131 138 135 137 126 126  87  76  81 107 194 194 193 171 147 145
 225 227 228 229 229 225 114  86  83  86  87  89 100 190 243 237
 229 231 231 231 233 233 108  89  84  80  85  90 100 183 243 241
 225 231 233 232 233 232 108  94  91  94  87  89  97 182 245 243
 225 228 190 121 132 137 207 206 207 178  81  85  98 191 246 243
 226 229 175  88  98 101 235 234 236 199  91  92 101 191 247 243
 224 227 172  86  93 100 234 241 240 205  99  96 104 185 247 244
 223 226 186 121 138 141 234 242 242 211 127 129 133 196 246 246
 224 226 229 230 236 238 240 243 244 244 242 243 245 248 252 249
 225 224 228 231 239 241 242 243 245 246 245 246 248 248 249 249
 219 225 228 229 233 237 240 243 244 246 247 249 249 251 252 249
 214 217 223 230 232 236 240 244 246 245 245 247 248 249 249 250
 210 220 222 224 229 235 240 240 241 244 245 246 247 248 249 250
 206 213 215 218 225 231 235 236 238 241 242 245 245 247 248 248
  53  56  56  54  57  57  56  57  61  98 219 226 230 153  74  68
  59  59  61  62  60  60  63  60  63  95 220 229 232 154  79  70
 114 118 122 123 127 126  83  64  66  87 177 181 187 163 141 141
 215 220 221 223 225 224 118  67  65  67  70  73  81 161 228 230
 219 224 225 226 228 228 114  72  68  69  67  66  72 158 231 235
 220 224 227 228 228 229 110  78  75  74  69  68  76 153 232 239
 219 223 190 123 118 120 191 198 201 187  80  74  78 166 236 242
 218 222 171  81  74  81 213 229 231 205  84  78  80 163 237 242
 216 221 170  83  74  82 212 231 234 207  92  83  82 162 238 243
 215 220 183 115 110 114 215 235 237 214 121 117 118 177 240 245
 212 218 221 222 222 227 232 237 238 237 236 237 241 242 244 245
 210 216 220 223 225 230 234 235 238 242 242 244 244 244 245 246
 209 213 218 221 224 229 232 235 237 242 243 245 245 244 244 246
 206 210 213 217 222 227 230 232 235 240 241 243 244 245 245 246
 202 206 211 216 220 223 226 230 233 236 236 239 243 244 245 246
 198 204 208 212 218 220 221 226 230 233 232 235 239 242 244 244
  54  51  53  54  59  59  57  58  64 106 227 226 224 134  61  60
  59  60  60  57  62  61  55  58  67 108 226 227 224 136  67  70
 118 121 123 125 126 123  71  59  62  89 176 175 175 156 135 138
 216 220 221 223 225 220  93  64  63  69  72  75  77 170 229 229
 220 224 225 226 228 225  93  66  62  64  67  70  75 166 230 231
 220 224 225 224 226 223  95  72  71  69  67  70  78 157 233 232
 219 223 181 111 114 119 198 199 201 173  67  66  80 173 232 231
 218 222 156  72  71  79 225 227 230 188  69  69  80 172 234 232
 216 221 155  70  73  80 224 230 233 191  75  71  83 169 234 233
 215 220 172 108 113 116 224 232 234 202 115 118 120 183 235 236
 213 218 221 222 224 228 232 232 233 235 233 235 232 233 236 236
 212 216 220 223 227 231 234 235 236 233 233 235 235 235 236 237
 210 214 219 221 224 229 232 235 235 233 234 236 236 236 236 237
 206 210 214 219 223 227 231 233 235 234 233 234 235 236 236 237
 202 208 212 216 221 225 228 231 233 236 234 234 234 235 236 237
 198 204 208 212 218 221 223 227 230 233 232 235 235 235 235 235

  74  82 145 237 241 243 243 243 244 246 249 249 249 250 250 248
  72  85 147 243 243 245 246 247 247 246 252 249 252 249 249 248
 147 150 171 190 183 182 191 191 185 196 248 248 251 249 248 247
 227 231 193 100 100  97  98 101 104 133 245 248 249 248 247 245
 234 234 194  89  90  89  85  92  96 129 243 246 249 247 246 245
 239 238 194  87  85  87  81  91  99 127 242 245 247 245 245 242
 127 126 107  86  80  94 178 199 205 211 244 246 246 245 244 241
  86  82  81  83  84  91 207 236 240 242 244 245 244 246 241 238
  74  76  76  86  89  94 206 234 241 242 243 243 243 244 240 236
  71  76  87 114 108 108 207 235 234 234 240 242 240 240 240 235
  73  86 126 225 233 232 137 101 100 141 238 241 237 236 235 231
  72  81 126 229 233 233 132  98  93 138 236 239 233 232 229 225
  72  75 137 229 231 232 121  88  86 121 230 231 229 230 224 218
  70  78 135 228 231 233 190 175 172 186 229 228 228 223 222 215
  67  74 138 227 231 231 228 229 227 226 226 224 225 217 220 213
  63  84 131 225 229 225 225 226 224 223 224 225 219 214 210 206
  68  70 141 230 235 239 242 242 243 245 245 246 246 246 246 244
  74  79 141 228 231 232 236 237 238 240 244 245 244 245 245 244
 153 154 163 161 158 153 166 163 162 177 242 244 244 245 244 242
 230 232 187  81  72  76  78  80  82 118 241 244 245 244 243 239
 226 229 181  73  66  68  74  78  83 117 237 244 245 243 239 235
 219 220 177  70  67  69  80  84  92 121 236 242 243 241 236 232
  98  95  87  67  69  74 187 205 207 214 237 242 242 240 236 233
  61  63  66  65  68  75 201 231 234 237 238 238 237 235 233 230
  57  60  64  67  72  78 198 229 231 235 237 235 235 232 230 226
  56  63  83 118 114 110 191 213 212 215 232 234 232 230 226 221
  57  60 126 224 228 229 120  81  82 114 227 230 229 227 223 220
  57  60 127 225 228 228 118  74  74 110 222 225 224 222 220 218
  54  62 123 223 226 228 123  81  83 115 222 223 221 217 216 212
  56  61 122 221 225 227 190 171 170 183 221 220 218 213 211 208
  56  59 118 220 224 224 223 222 221 220 218 216 213 210 206 204
  53  59 114 215 219 220 219 218 216 215 212 210 209 206 202 198
  60  70 138 229 231 232 231 232 233 236 236 237 237 237 237 235
  61  67 135 229 230 233 232 234 234 235 236 236 236 236 236 235
 134 136 156 170 166 157 173 172 169 183 233 235 236 236 235 235
 224 224 175  77  75  78  80  80  83 120 232 235 236 235 234 235
 226 227 175  75  70  70  66  69  71 118 235 235 236 234 234 235
 227 226 176  72  67  67  67  69  75 115 233 233 234 233 234 232
 106 108  89  69  64  69 173 188 191 202 235 233 233 234 236 233
  64  67  62  63  62  71 201 230 233 234 233 236 235 235 233 230
  58  58  59  64  66  72 199 227 230 232 232 235 235 233 231 227
  57  55  71  93  93  95 198 225 224 224 232 234 232 231 228 223
  59  61 123 220 225 223 119  79  80 116 228 231 229 227 225 221
  59  62 126 225 228 226 114  71  73 113 224 227 224 223 221 218
  54  57 125 223 226 224 111  72  70 108 222 223 221 219 216 212
  53  60 123 221 225 225 181 156 155 172 221 220 219 214 212 208
  51  60 121 220 224 224 223 222 221 220 218 216 214 210 208 204
  54  59 118 216 220 220 219 218 216 215 213 212 210 206 202 198

 248 248 247 245 245 242 241 238 236 235 231 225 218 215 213 206
 250 249 248 247 246 245 244 241 240 240 235 229 224 222 220 210
 250 249 249 248 247 245 245 246 244 240 236 232 230 223 217 214
 249 252 251 249 249 247 246 244 243 240 237 233 229 228 225 219
 249 249 248 248 246 245 246 245 243 242 241 239 231 228 224 225
 249 252 248 245 243 242 244 244 243 240 238 236 230 229 226 224
 246 246 196 133 129 127 211 242 242 234 141 138 121 186 226 223
 244 247 185 104  96  99 205 240 241 234 100  93  86 172 227 224
 243 247 191 101  92  91 199 236 234 235 101  98  88 175 229 226
 243 246 191  98  85  81 178 207 206 207 137 132 121 190 228 225
 243 245 182  97  89  87  94  91  94 108 232 233 232 233 231 225
 241 243 183 100  90  85  80  84  89 108 233 233 231 231 231 229
 237 243 190 100  89  87  86  83  86 114 225 229 229 228 227 225
 145 147 171 193 194 194 107  81  76  87 126 126 137 135 138 131
  82  85 150 231 234 238 126  82  76  76  86  81  75  78  74  84
  74  72 147 227 234 239 127  86  74  71  73  72  72  70  67  63
 244 244 242 239 235 232 233 230 226 221 220 218 212 208 204 198
 246 245 244 243 239 236 236 233 230 226 223 220 216 211 206 202
 246 245 245 244 243 241 240 235 232 230 227 222 217 213 210 206
 246 244 244 245 245 243 242 237 235 232 229 224 221 218 213 209
 246 245 244 244 244 242 242 238 235 234 230 225 223 220 216 210
 245 244 242 241 237 236 237 238 237 232 227 222 222 221 218 212
 245 240 177 118 117 121 214 237 235 215 114 110 115 183 220 215
 243 238 162  82  83  92 207 234 231 212  82  74  83 170 221 216
 242 237 163  80  78  84 205 231 229 213  81  74  81 171 222 218
 242 236 166  78  74  80 187 201 198 191 120 118 123 190 223 219
 239 232 153  76  68  69  74  75  78 110 229 228 228 227 224 220
 235 231 158  72  66  67  69  68  72 114 228 228 226 225 224 219
 230 228 161  81  73  70  67  65  67 118 224 225 223 221 220 215
 141 141 163 187 181 177  87  66  64  83 126 127 123 122 118 114
  70  79 154 232 229 220  95  63  60  63  60  60  62  61  59  59
  68  74 153 230 226 219  98  61  57  56  57  57  54  56  56  53
 235 235 235 235 235 232 233 230 227 223 221 218 212 208 204 198
 237 236 235 234 234 234 236 233 231 228 225 221 216 212 208 202
 237 236 236 235 234 233 234 235 233 231 227 223 219 214 210 206
 237 236 236 236 236 234 233 235 235 232 229 224 221 219 214 210
 237 236 235 235 235 233 233 236 235 234 231 227 223 220 216 212
 236 236 233 232 235 233 235 233 232 232 228 224 222 221 218 213
 236 235 183 120 118 115 202 234 232 224 116 113 108 172 220 215
 233 234 169  83  71  75 191 233 230 224  80  73  70 155 221 216
 232 234 172  80  69  69 188 230 227 225  79  71  72 156 222 218
 231 232 173  80  66  67 173 201 199 198 119 114 111 181 223 219
 232 233 157  78  70  67  69  71  72  95 223 226 224 225 224 220
 231 230 166  75  70  67  64  62  66  93 225 228 226 225 224 220
 229 229 170  77  75  72  69  63  64  93 220 225 223 221 220 216
 138 135 156 175 175 176  89  62  59  71 123 126 125 123 121 118
  70  67 136 224 227 226 108  67  58  55  61  62  57  60  60  59
  60  61 134 224 226 227 106  64  58  57  59  59  54  53  51  54

 206 210 214 219 225 224 223 224 226 225 225 229 225 131  84  63
 213 220 217 225 224 226 226 227 229 228 231 231 227 138  74  67
 215 222 223 228 228 229 186 172 175 190 233 231 228 135  78  70
 218 224 230 229 231 230 121  86  88 121 232 231 229 137  75  72
 225 229 232 233 239 236 138  93  98 132 233 233 229 126  81  72
 231 235 236 237 241 238 141 100 101 137 232 233 225 126  86  73
 235 240 240 240 242 240 234 234 235 207 108 108 114  87  76  71
 236 240 244 243 243 243 242 241 234 206  94  89  86  76  76  74
 238 241 246 244 245 244 242 240 236 207  91  84  83  81  82  86
 241 244 245 246 246 244 211 205 199 178  94  80  86 107 126 127
 242 245 245 247 245 242 127  99  91  81  87  85  87 194 238 239
 245 246 247 249 246 243 129  96  92  85  89  90  89 194 234 234
 245 247 248 249 248 245 133 104 101  98  97 100 100 193 231 227
 247 248 249 251 248 248 196 185 191 191 182 183 190 171 150 147
 248 249 249 252 249 252 246 247 247 246 245 243 243 147  85  72
 248 250 250 249 249 249 246 244 243 243 243 241 237 145  82  74
 198 202 206 209 210 212 215 216 218 219 220 219 215 114  59  53
 204 206 210 213 216 218 220 221 222 223 224 224 220 118  59  56
 208 211 213 218 220 221 183 170 171 190 227 225 221 122  61  56
 212 216 217 221 223 222 115  83  81 123 228 226 223 123  62  54
 218 220 222 224 225 222 110  74  74 118 228 228 225 127  60  57
 220 223 227 229 230 227 114  82  81 120 229 228 224 126  60  57
 221 226 230 232 234 232 215 212 213 191 110 114 118  83  63  56
 226 230 232 235 235 237 235 231 229 198  78  72  67  64  60  57
 230 233 235 237 238 238 237 234 231 201  75  68  65  66  63  61
 233 236 240 242 242 237 214 207 205 187  74  69  67  87  95  98
 232 236 241 243 242 236 121  92  84  80  69  67  70 177 220 219
 235 239 243 245 244 237 117  83  78  74  68  66  73 181 229 226
 239 243 244 245 244 241 118  82  80  78  76  72  81 187 232 230
 242 244 245 244 244 242 177 162 163 166 153 158 161 163 154 153
 244 245 245 244 245 244 240 238 237 236 232 231 228 141  79  74
 244 246 246 246 246 245 245 243 242 242 239 235 230 141  70  68
 198 202 206 210 212 213 215 216 218 219 220 220 216 118  59  54
 204 208 210 214 216 218 220 221 222 223 224 224 220 121  60  51
 208 212 214 219 220 221 172 155 156 181 225 225 221 123  60  53
 212 216 219 221 223 222 108  70  72 111 224 226 223 125  57  54
 218 221 223 224 227 224 113  73  71 114 226 228 225 126  62  59
 221 225 227 229 231 228 116  80  79 119 223 225 220 123  61  59
 223 228 231 232 234 232 224 224 225 198  95  93  93  71  55  57
 227 231 233 235 235 232 232 230 227 199  72  66  64  59  58  58
 230 233 235 235 236 233 234 233 230 201  71  62  63  62  67  64
 233 236 234 233 233 235 202 191 188 173  69  64  69  89 108 106
 232 234 233 234 233 233 115  75  69  67  67  67  72 176 226 227
 235 234 234 236 235 235 118  71  69  66  70  70  75 175 227 226
 235 234 235 236 235 232 120  83  80  80  78  75  77 175 224 224
 235 235 236 236 235 233 183 169 172 173 157 166 170 156 136 134
 235 236 236 236 236 236 235 234 234 232 233 230 229 135  67  61
 235 237 237 237 237 236 236 233 232 231 232 231 229 138  70  60

