  51  55  59  58  62  71 198 206 202 166  62  68  66  61  51  60
  55  57  58  57  61  70 203 208 207 172  66  60  59  63  57  56
  55  57  56  57  60  76 211 209 210 176  62  64  60  60  61  62
  50  52  60  61  66  73 218 210 207 174  65  69  64  59  64  65
  55  58  62  62  64  75 221 211 208 173  68  69  69  70  67  67
  59  64  66  69  71  78 224 213 211 175  68  73  72  73  76  77
 167 172 113  63  69  76 200 212 210 176  71  73  73 153 179 177
 196 199 128  64  70  82 193 208 215 189  69  72  76 176 211 213
 193 197 137  70  73  82 200 216 210 192  79  83  81 179 213 214
 191 195 152 102 108 116 185 192 191 181 112 112 112 187 213 214
 189 193 198 202 204 204  97  79  83 125 217 213 216 216 217 218
 186 191 194 201 204 204  91  77  80 125 218 215 217 219 220 220
 184 190 195 199 201 202  92  78  84 126 219 217 220 222 222 220
 181 187 191 197 202 201  98  73  70 123 222 216 219 220 221 220
 182 188 194 198 200 198  91  71  72 114 216 213 217 215 217 219
 175 179 189 192 194 193  88  68  70 111 215 212 216 218 216 216
  45  45  44  45  49  51 187 199 202 170  65  51  48  49  50  49
  43  44  44  45  51  51 191 201 205 178  67  54  50  49  50  49
  43  44  43  46  52  56 193 202 205 179  66  54  51  50  50  49
  44  45  44  46  50  59 197 203 206 180  70  56  50  51  53  52
  45  46  45  46  51  56 200 203 208 181  71  58  55  54  52  52
  49  51  48  47  50  56 200 205 208 183  68  57  53  56  57  59
 160 165 112  55  55  58 173 205 209 183  69  57  57 119 174 174
 189 194 132  56  54  56 176 206 211 193  71  60  63 142 209 210
 188 192 141  59  56  55 179 209 210 200  72  62  66 145 210 211
 187 191 155  93  96  95 168 186 189 181 104  97  99 163 212 212
 185 189 193 196 198 201  99  70  67 100 202 209 211 211 213 213
 182 188 192 197 200 202  92  61  62  99 203 211 212 213 214 214
 180 186 190 194 197 200  91  59  63  99 203 211 214 214 215 214
 179 184 187 192 195 199  94  59  58  91 204 211 214 214 216 214
 177 182 186 190 193 195  91  59  53  91 200 209 213 213 214 213
 173 177 182 185 187 191  86  56  52  88 198 205 210 212 213 212
  45  46  46  46  48  55 196 205 202 162  51  53  50  50  50  50
  44  46  46  47  48  53 200 207 205 170  53  54  51  51  50  49
  44  45  45  47  49  61 206 208 205 168  55  55  51  51  51  50
  44  45  46  48  48  58 209 209 206 171  55  55  51  51  47  49
  46  47  47  48  51  60 214 209 208 173  56  51  51  50  52  54
  50  52  50  49  50  57 213 211 208 172  55  56  55  58  59  60
 164 169 106  48  48  54 185 211 209 170  59  59  58 134 173 175
 196 199 123  51  53  60 190 212 211 181  58  59  63 162 208 212
 194 198 132  56  58  59 192 209 210 191  58  61  67 159 210 213
 195 199 148  92  97  95 177 186 189 176  96  96 101 169 212 214
 192 196 198 201 202 204  91  71  69 111 212 209 211 211 213 214
 190 196 198 200 202 205  84  63  62 110 213 212 212 213 214 216
 187 193 196 200 203 204  83  61  62 104 213 213 214 214 215 216
 187 191 193 198 201 203  85  55  59  99 214 212 214 214 216 217
 185 190 194 197 199 198  80  52  55  98 211 210 213 213 214 217
 180 184 191 193 194 199  73  49  54  95 209 208 213 212 213 215

  60  56  62  65  67  77 177 213 214 214 218 220 220 220 219 216
  51  57  61  64  67  76 179 211 213 213 217 220 222 221 217 216
  61  63  60  59  70  73 153 176 179 187 216 219 222 220 215 218
  66  59  60  64  69  72  73  76  81 112 216 217 220 219 217 216
  68  60  64  69  69  73  73  72  83 112 213 215 217 216 213 212
  62  66  62  65  68  68  71  69  79 112 217 218 219 222 216 215
 166 172 176 174 173 175 176 189 192 181 125 125 126 123 114 111
 202 207 210 207 208 211 210 215 210 191  83  80  84  70  72  70
 206 208 209 210 211 213 212 208 216 192  79  77  78  73  71  68
 198 203 211 218 221 224 200 193 200 185  97  91  92  98  91  88
  71  70  76  73  75  78  76  82  82 116 204 204 202 201 198 193
  62  61  60  66  64  71  69  70  73 108 204 204 201 202 200 194
  58  57  57  61  62  69  63  64  70 102 202 201 199 197 198 192
  59  58  56  60  62  66 113 128 137 152 198 194 195 191 194 189
  55  57  57  52  58  64 172 199 197 195 193 191 190 187 188 179
  51  55  55  50  55  59 167 196 193 191 189 186 184 181 182 175
  49  49  49  52  52  59 174 210 211 212 213 214 214 214 213 212
  50  50  50  53  52  57 174 209 210 212 213 214 215 216 214 213
  49  49  50  51  54  56 119 142 145 163 211 213 214 214 213 212
  48  50  51  50  55  53  57  63  66  99 211 212 214 214 213 210
  51  54  54  56  58  57  57  60  62  97 209 211 211 211 209 205
  65  67  66  70  71  68  69  71  72 104 202 203 203 204 200 198
 170 178 179 180 181 183 183 193 200 181 100  99  99  91  91  88
 202 205 205 206 208 208 209 211 210 189  67  62  63  58  53  52
 199 201 202 203 203 205 205 206 209 186  70  61  59  59  59  56
 187 191 193 197 200 200 173 176 179 168  99  92  91  94  91  86
  51  51  56  59  56  56  58  56  55  95 201 202 200 199 195 191
  49  51  52  50  51  50  55  54  56  96 198 200 197 195 193 187
  45  45  46  46  46  47  55  56  59  93 196 197 194 192 190 185
  44  44  43  44  45  48 112 132 141 155 193 192 190 187 186 182
  45  44  44  45  46  51 165 194 192 191 189 188 186 184 182 177
  45  43  43  44  45  49 160 189 188 187 185 182 180 179 177 173
  50  49  50  49  54  60 175 212 213 214 214 216 216 217 217 215
  50  50  51  47  52  59 173 208 210 212 213 214 215 216 214 213
  50  51  51  51  50  58 134 162 159 169 211 213 214 214 213 212
  50  51  51  51  51  55  58  63  67 101 211 212 214 214 213 213
  53  54  55  55  51  56  59  59  61  96 209 212 213 212 210 208
  51  53  55  55  56  55  59  58  58  96 212 213 213 214 211 209
 162 170 168 171 173 172 170 181 191 176 111 110 104  99  98  95
 202 205 205 206 208 208 209 211 210 189  69  62  62  59  55  54
 205 207 208 209 209 211 211 212 209 186  71  63  61  55  52  49
 196 200 206 209 214 213 185 190 192 177  91  84  83  85  80  73
  55  53  61  58  60  57  54  60  59  95 204 205 204 203 198 199
  48  48  49  48  51  50  48  53  58  97 202 202 203 201 199 194
  46  47  47  48  48  49  48  51  56  92 201 200 200 198 197 193
  46  46  45  46  47  50 106 123 132 148 198 198 196 193 194 191
  46  46  45  45  47  52 169 199 198 199 196 196 193 191 190 184
  45  44  44  44  46  50 164 196 194 195 192 190 187 187 185 180

 216 216 218 216 212 215 111  70  68  88 193 194 192 189 179 175
 219 217 215 217 213 216 114  72  71  91 198 200 198 194 188 182
 220 221 220 219 216 222 123  70  73  98 201 202 197 191 187 181
 220 222 222 220 217 219 126  84  78  92 202 201 199 195 190 184
 220 220 219 217 215 218 125  80  77  91 204 204 201 194 191 186
 218 217 216 216 213 217 125  83  79  97 204 204 202 198 193 189
 214 213 187 112 112 112 181 191 192 185 116 108 102 152 195 191
 214 213 179  81  83  79 192 210 216 200  82  73  70 137 197 193
 213 211 176  76  72  69 189 215 208 193  82  70  64 128 199 196
 177 179 153  73  73  71 176 210 212 200  76  69  63 113 172 167
  77  76  73  72  73  68 175 211 213 224  78  71  69  66  64  59
  67  67  70  69  69  68 173 208 211 221  75  64  62  62  58  55
  65  64  59  64  69  65 174 207 210 218  73  66  61  60  52  50
  62  61  60  60  64  62 176 210 209 211  76  60  57  56  57  55
  56  57  63  59  60  66 172 207 208 203  70  61  57  58  57  55
  60  51  61  66  68  62 166 202 206 198  71  62  58  59  55  51
 212 213 212 210 205 198  88  52  56  86 191 187 185 182 177 173
 213 214 213 213 209 200  91  53  59  91 195 193 190 186 182 177
 214 216 214 214 211 204  91  58  59  94 199 195 192 187 184 179
 214 215 214 214 211 203  99  63  59  91 200 197 194 190 186 180
 214 214 213 212 211 203  99  62  61  92 202 200 197 192 188 182
 213 213 211 211 209 202 100  67  70  99 201 198 196 193 189 185
 212 212 163  99  97 104 181 189 186 168  95  96  93 155 191 187
 211 210 145  66  62  72 200 210 209 179  55  56  59 141 192 188
 210 209 142  63  60  71 193 211 206 176  56  54  56 132 194 189
 174 174 119  57  57  69 183 209 205 173  58  55  55 112 165 160
  59  57  56  53  57  68 183 208 205 200  56  50  47  48  51  49
  52  52  54  55  58  71 181 208 203 200  56  51  46  45  46  45
  52  53  51  50  56  70 180 206 203 197  59  50  46  44  45  44
  49  50  50  51  54  66 179 205 202 193  56  52  46  43  44  43
  49  50  49  50  54  67 178 205 201 191  51  51  45  44  44  43
  49  50  49  48  51  65 170 202 199 187  51  49  45  44  45  45
 215 213 212 213 208 209  95  54  49  73 199 194 193 191 184 180
 217 214 213 213 210 211  98  55  52  80 198 199 197 194 190 185
 217 216 214 214 212 214  99  59  55  85 203 201 198 193 191 187
 216 215 214 214 213 213 104  62  61  83 204 203 200 196 193 187
 216 214 213 212 212 213 110  62  63  84 205 202 200 198 196 190
 214 213 211 211 209 212 111  69  71  91 204 202 201 198 196 192
 214 212 169 101  96  96 176 189 186 177  95  97  92 148 199 195
 213 210 159  67  61  58 191 210 209 192  59  58  56 132 198 194
 212 208 162  63  59  58 181 211 212 190  60  53  51 123 199 196
 175 173 134  58  59  59 170 209 211 185  54  48  48 106 169 164
  60  59  58  55  56  55 172 208 211 213  57  50  49  50  52  50
  54  52  50  51  51  56 173 208 209 214  60  51  48  47  47  46
  49  47  51  51  55  55 171 206 209 209  58  48  48  46  45  44
  50  51  51  51  55  55 168 205 208 206  61  49  47  45  45  44
  49  50  51  51  54  53 170 205 207 200  53  48  47  46  46  44
  50  50  50  50  53  51 162 202 205 196  55  48  46  46  46  45

 175 182 181 184 186 189 191 193 196 167  59  55  50  55  55  51
 179 188 187 190 191 193 195 197 199 172  64  58  52  57  57  55
 189 194 191 195 194 198 152 137 128 113  66  62  60  56  58  59
 192 198 197 199 201 202 102  70  64  63  69  62  61  57  57  58
 194 200 202 201 204 204 108  73  70  69  71  64  66  60  61  62
 193 198 201 202 204 204 116  82  82  76  78  75  73  76  70  71
  88  91  98  92  91  97 185 200 193 200 224 221 218 211 203 198
  68  71  73  78  77  79 192 216 208 212 213 211 210 209 208 206
  70  72  70  84  80  83 191 210 215 210 211 208 207 210 207 202
 111 114 123 126 125 125 181 192 189 176 175 173 174 176 172 166
 215 216 222 219 218 217 112  79  69  71  68  68  65  62  66  62
 212 213 216 217 215 213 112  83  72  73  73  69  69  64  60  68
 216 217 219 220 217 216 112  81  76  73  72  69  64  60  59  66
 218 215 220 222 219 216 187 179 176 153  73  70  59  60  63  61
 216 217 221 222 220 217 213 213 211 179  76  67  64  61  57  51
 216 219 220 220 220 218 214 214 213 177  77  67  65  62  56  60
 173 177 179 180 182 185 187 188 189 160  49  45  44  43  43  45
 177 182 184 186 188 189 191 192 194 165  51  46  45  44  44  45
 182 186 187 190 192 193 155 141 132 112  48  45  44  43  44  44
 185 190 192 194 197 196  93  59  56  55  47  46  46  46  45  45
 187 193 195 197 200 198  96  56  54  55  50  51  50  52  51  49
 191 195 199 200 202 201  95  55  56  58  56  56  59  56  51  51
  86  91  94  91  92  99 168 179 176 173 200 200 197 193 191 187
  56  59  59  59  61  70 186 209 206 205 205 203 203 202 201 199
  52  53  58  63  62  67 189 210 211 209 208 208 206 205 205 202
  88  91  91  99  99 100 181 200 193 183 183 181 180 179 178 170
 198 200 204 203 203 202 104  72  71  69  68  71  70  66  67  65
 205 209 211 211 211 209  97  62  60  57  57  58  56  54  54  51
 210 213 214 214 212 211  99  66  63  57  53  55  50  51  50  48
 212 213 214 214 213 211 163 145 142 119  56  54  51  50  49  49
 213 214 216 215 214 213 212 210 209 174  57  52  53  50  50  50
 212 213 214 214 214 213 212 211 210 174  59  52  52  49  49  49
 180 185 187 187 190 192 195 194 196 164  50  46  44  44  44  45
 184 190 191 193 196 196 199 198 199 169  52  47  45  45  46  46
 191 194 193 196 198 198 148 132 123 106  50  47  46  45  46  46
 193 197 198 200 200 201  92  56  51  48  49  48  48  47  47  46
 194 199 201 203 202 202  97  58  53  48  50  51  48  49  48  48
 199 198 203 204 205 204  95  59  60  54  57  60  58  61  53  55
  73  80  85  83  84  91 177 192 190 185 213 214 209 206 200 196
  49  52  55  61  63  71 186 209 212 211 211 209 209 208 207 205
  54  55  59  62  62  69 189 210 211 209 208 208 206 205 205 202
  95  98  99 104 110 111 176 191 181 170 172 173 171 168 170 162
 209 211 214 213 213 212  96  58  58  59  55  56  55  55  53  51
 208 210 212 213 212 209  96  61  59  59  56  51  55  55  54  53
 213 213 214 214 212 211 101  67  63  58  55  51  51  51  51  50
 212 213 214 214 213 211 169 159 162 134  58  50  51  51  51  50
 213 214 216 215 214 213 212 210 208 173  59  52  47  51  50  50
 215 217 217 216 216 214 214 213 212 175  60  54  49  50  49  50

