 236 235 236 239 241 236 131  92  99 134 246 240 243 244 244 243
 235 236 238 240 242 238 130 102  98 133 248 244 246 243 244 245
 234 237 239 240 240 238 128 100 103 140 245 241 245 245 246 246
 235 238 240 241 242 240 135 101  99 138 248 245 249 251 250 249
 236 240 242 241 242 243 125  95 104 141 246 244 246 251 248 246
 234 239 242 241 241 242 122 106 106 143 248 246 247 249 249 249
 236 239 190 153 155 160 206 205 206 189 144 153 155 216 250 250
 235 238 166 103 100 109 240 246 242 212 102 106 113 205 248 248
 233 238 169 100 107 111 240 248 247 216 100  99 109 196 250 250
 232 238 197 125 128 140 242 251 246 218  97  97 109 188 252 252
 225 233 237 234 233 237 242 246 245 212  94 104 100 203 249 249
 225 233 236 239 242 246 247 249 250 216  99 107 112 202 250 250
 223 231 237 237 240 245 246 248 250 220 105 105 110 196 248 249
 148 153 156 157 163 171 239 249 250 238 189 192 189 181 172 176
  74  83  91  89  91 104 233 247 247 250 250 250 248 169 101  94
  65  73  76  80  85  97 227 244 245 248 250 249 246 156  95  95
 223 225 228 227 229 234 126  81  76 101 225 231 232 233 233 232
 225 228 230 230 231 236 126  80  77 101 226 233 234 237 238 239
 226 229 231 232 233 237 129  80  75 108 228 234 237 241 242 242
 225 229 232 233 235 239 128  81  79 114 230 235 237 241 241 241
 226 229 231 233 235 239 120  84  81 114 233 238 238 241 242 242
 226 230 231 232 232 238 115  89  85 120 233 234 235 237 240 242
 224 229 192 143 140 139 191 193 193 185 143 136 138 197 240 241
 221 228 169  89  82  84 220 230 233 212  97  88  91 175 238 240
 221 226 175  85  81  81 220 232 235 215  93  83  86 166 238 242
 219 227 198 107 104 108 222 235 237 219  90  82  86 162 238 242
 219 225 229 226 228 230 234 236 237 212  92  76  80 175 240 245
 216 223 227 226 228 232 234 236 239 213  94  81  84 165 240 244
 209 217 222 222 226 231 233 236 236 214  96  87  89 167 241 243
 138 142 145 146 151 152 222 233 236 228 179 179 180 171 162 167
  53  57  63  66  71  75 210 231 235 237 237 240 241 171  80  78
  47  51  58  60  64  67 205 230 234 237 238 242 242 161  77  69
 224 225 228 228 230 223 108  69  74 110 227 229 233 234 234 233
 225 228 230 231 232 225 110  72  75 110 228 231 234 233 234 234
 225 229 231 232 232 226 109  75  79 121 230 232 235 232 233 233
 226 229 232 233 235 229 108  73  79 124 231 232 235 234 234 234
 227 230 232 233 235 229 103  72  76 120 229 231 232 234 234 233
 227 230 232 233 233 228  99  80  83 126 231 232 233 235 234 233
 226 229 181 135 134 136 192 192 189 178 130 135 137 203 232 234
 223 227 151  76  75  80 230 232 233 202  77  78  85 180 237 238
 223 226 159  72  75  79 228 234 232 203  73  76  81 172 235 237
 220 226 187 104 103 109 230 237 236 207  76  72  81 167 235 237
 218 225 229 226 227 230 235 237 237 202  74  76  81 180 235 235
 216 224 227 228 230 234 235 236 234 200  72  74  77 172 235 235
 212 219 224 224 228 233 233 234 238 205  76  76  79 173 233 235
 137 142 146 146 150 157 229 235 238 224 169 171 169 163 155 159
  55  58  58  58  62  76 216 231 236 238 236 233 234 146  79  74
  49  52  51  54  56  68 213 228 235 236 235 234 234 134  68  67

 243 245 246 249 246 249 250 248 250 252 249 250 249 176  94  95
 244 244 246 250 248 249 250 248 250 252 249 250 248 172 101  95
 244 243 245 251 251 249 216 205 196 188 203 202 196 181 169 156
 243 246 245 249 246 247 155 113 109 109 100 112 110 189 248 246
 240 244 241 245 244 246 153 106  99  97 104 107 105 192 250 249
 246 248 245 248 246 248 144 102 100  97  94  99 105 189 250 250
 134 133 140 138 141 143 189 212 216 218 212 216 220 238 250 248
  99  98 103  99 104 106 206 242 247 246 245 250 250 250 247 245
  92 102 100 101  95 106 205 246 248 251 246 249 248 249 247 244
 131 130 128 135 125 122 206 240 240 242 242 247 246 239 233 227
 236 238 238 240 243 242 160 109 111 140 237 246 245 171 104  97
 241 242 240 242 242 241 155 100 107 128 233 242 240 163  91  85
 239 240 240 241 241 241 153 103 100 125 234 239 237 157  89  80
 236 238 239 240 242 242 190 166 169 197 237 236 237 156  91  76
 235 236 237 238 240 239 239 238 238 238 233 233 231 153  83  73
 236 235 234 235 236 234 236 235 233 232 225 225 223 148  74  65
 232 239 242 241 242 242 241 240 242 242 245 244 243 167  78  69
 233 238 242 241 242 240 240 238 238 238 240 240 241 162  80  77
 233 237 241 241 241 237 197 175 166 162 175 165 167 171 171 161
 232 234 237 237 238 235 138  91  86  86  80  84  89 180 241 242
 231 233 234 235 238 234 136  88  83  82  76  81  87 179 240 242
 225 226 228 230 233 233 143  97  93  90  92  94  96 179 237 238
 101 101 108 114 114 120 185 212 215 219 212 213 214 228 237 237
  76  77  75  79  81  85 193 233 235 237 237 239 236 236 235 234
  81  80  80  81  84  89 193 230 232 235 236 236 236 233 231 230
 126 126 129 128 120 115 191 220 220 222 234 234 233 222 210 205
 234 236 237 239 239 238 139  84  81 108 230 232 231 152  75  67
 229 231 233 235 235 232 140  82  81 104 228 228 226 151  71  64
 227 230 232 233 233 232 143  89  85 107 226 226 222 146  66  60
 228 230 231 232 231 231 192 169 175 198 229 227 222 145  63  58
 225 228 229 229 229 230 229 228 226 227 225 223 217 142  57  51
 223 225 226 225 226 226 224 221 221 219 219 216 209 138  53  47
 233 234 233 234 233 233 234 238 237 237 235 235 235 159  74  67
 234 234 233 234 234 234 232 237 235 235 235 235 233 155  79  68
 234 233 232 234 234 235 203 180 172 167 180 172 173 163 146 134
 233 234 235 235 232 233 137  85  81  81  81  77  79 169 234 234
 229 231 232 232 231 232 135  78  76  72  76  74  76 171 233 234
 227 228 230 231 229 231 130  77  73  76  74  72  76 169 236 235
 110 110 121 124 120 126 178 202 203 207 202 200 205 224 238 236
  74  75  79  79  76  83 189 233 232 236 237 234 238 238 236 235
  69  72  75  73  72  80 192 232 234 237 237 236 234 235 231 228
 108 110 109 108 103  99 192 230 228 230 235 235 233 229 216 213
 223 225 226 229 229 228 136  80  79 109 230 234 233 157  76  68
 230 232 232 235 235 233 134  75  75 103 227 230 228 150  62  56
 228 231 232 233 233 233 135  76  72 104 226 228 224 146  58  54
 228 230 231 232 232 232 181 151 159 187 229 227 224 146  58  51
 225 228 229 229 230 230 229 227 226 226 225 224 219 142  58  52
 224 225 225 226 227 227 226 223 223 220 218 216 212 137  55  49

  95  95 156 246 249 250 248 245 244 227  97  85  80  76  73  65
  94 101 169 248 250 250 250 247 247 233 104  91  89  91  83  74
 176 172 181 189 192 189 238 250 249 239 171 163 157 156 153 148
 249 248 196 110 105 105 220 250 248 246 245 240 237 237 231 223
 250 250 202 112 107  99 216 250 249 247 246 242 239 236 233 225
 249 249 203 100 104  94 212 245 246 242 237 233 234 237 233 225
 252 252 188 109  97  97 218 246 251 242 140 128 125 197 238 232
 250 250 196 109  99 100 216 247 248 240 111 107 100 169 238 233
 248 248 205 113 106 102 212 242 246 240 109 100 103 166 238 235
 250 250 216 155 153 144 189 206 205 206 160 155 153 190 239 236
 249 249 249 247 246 248 143 106 106 122 242 241 241 242 239 234
 246 248 251 246 244 246 141 104  95 125 243 242 241 242 240 236
 249 250 251 249 245 248 138  99 101 135 240 242 241 240 238 235
 246 246 245 245 241 245 140 103 100 128 238 240 240 239 237 234
 245 244 243 246 244 248 133  98 102 130 238 242 240 238 236 235
 243 244 244 243 240 246 134  99  92 131 236 241 239 236 235 236
  69  77 161 242 242 238 237 234 230 205  67  64  60  58  51  47
  78  80 171 241 240 237 237 235 231 210  75  71  66  63  57  53
 167 162 171 180 179 179 228 236 233 222 152 151 146 145 142 138
 243 241 167  89  87  96 214 236 236 233 231 226 222 222 217 209
 244 240 165  84  81  94 213 239 236 234 232 228 226 227 223 216
 245 240 175  80  76  92 212 237 236 234 230 228 226 229 225 219
 242 238 162  86  82  90 219 237 235 222 108 104 107 198 227 219
 242 238 166  86  83  93 215 235 232 220  81  81  85 175 226 221
 240 238 175  91  88  97 212 233 230 220  84  82  89 169 228 221
 241 240 197 138 136 143 185 193 193 191 139 140 143 192 229 224
 242 240 237 235 234 233 120  85  89 115 238 232 232 231 230 226
 242 242 241 238 238 233 114  81  84 120 239 235 233 231 229 226
 241 241 241 237 235 230 114  79  81 128 239 235 233 232 229 225
 242 242 241 237 234 228 108  75  80 129 237 233 232 231 229 226
 239 238 237 234 233 226 101  77  80 126 236 231 230 230 228 225
 232 233 233 232 231 225 101  76  81 126 234 229 227 228 225 223
  67  68 134 234 234 235 236 235 228 213  68  56  54  51  52  49
  74  79 146 234 233 236 238 236 231 216  76  62  58  58  58  55
 159 155 163 169 171 169 224 238 235 229 157 150 146 146 142 137
 235 233 173  79  76  76 205 238 234 233 233 228 224 224 219 212
 235 235 172  77  74  72 200 234 236 235 234 230 228 227 224 216
 235 235 180  81  76  74 202 237 237 235 230 227 226 229 225 218
 237 235 167  81  72  76 207 236 237 230 109 103 104 187 226 220
 237 235 172  81  76  73 203 232 234 228  79  75  72 159 226 223
 238 237 180  85  78  77 202 233 232 230  80  75  76 151 227 223
 234 232 203 137 135 130 178 189 192 192 136 134 135 181 229 226
 233 234 235 233 232 231 126  83  80  99 228 233 233 232 230 227
 233 234 234 232 231 229 120  76  72 103 229 235 233 232 230 227
 234 234 234 235 232 231 124  79  73 108 229 235 233 232 229 226
 233 233 232 235 232 230 121  79  75 109 226 232 232 231 229 225
 234 234 233 234 231 228 110  75  72 110 225 232 231 230 228 225
 233 234 234 233 229 227 110  74  69 108 223 230 228 228 225 224

  65  74 148 223 225 225 232 233 235 236 234 236 235 234 235 236
  73  83 153 231 233 233 238 238 238 239 239 240 238 237 236 235
  76  91 156 237 236 237 197 169 166 190 242 242 240 239 238 236
  80  89 157 237 239 234 125 100 103 153 241 241 241 240 240 239
  85  91 163 240 242 233 128 107 100 155 241 242 242 240 242 241
  97 104 171 245 246 237 140 111 109 160 242 243 240 238 238 236
 227 233 239 246 247 242 242 240 240 206 122 125 135 128 130 131
 244 247 249 248 249 246 251 248 246 205 106  95 101 100 102  92
 245 247 250 250 250 245 246 247 242 206 106 104  99 103  98  99
 248 250 238 220 216 212 218 216 212 189 143 141 138 140 133 134
 250 250 189 105  99  94  97 100 102 144 248 246 248 245 248 246
 249 250 192 105 107 104  97  99 106 153 246 244 245 241 244 240
 246 248 189 110 112 100 109 109 113 155 247 246 249 245 246 243
 156 169 181 196 202 203 188 196 205 216 249 251 251 245 243 244
  95 101 172 248 250 249 252 250 248 250 249 248 250 246 244 244
  95  94 176 249 250 249 252 250 248 250 249 246 249 246 245 243
  47  53 138 209 216 219 219 221 221 224 226 226 225 226 225 223
  51  57 142 217 223 225 227 226 228 229 230 229 229 229 228 225
  58  63 145 222 227 229 198 175 169 192 231 231 232 231 230 228
  60  66 146 222 226 226 107  85  89 143 232 233 233 232 230 227
  64  71 151 226 228 228 104  81  82 140 232 235 235 233 231 229
  67  75 152 231 232 230 108  81  84 139 238 239 239 237 236 234
 205 210 222 233 234 234 222 220 220 191 115 120 128 129 126 126
 230 231 233 236 236 236 235 232 230 193  89  84  81  80  80  81
 234 235 236 236 239 237 237 235 233 193  85  81  79  75  77  76
 237 237 228 214 213 212 219 215 212 185 120 114 114 108 101 101
 238 237 179  96  94  92  90  93  97 143 233 233 230 228 226 225
 242 240 179  87  81  76  82  83  88 136 234 238 235 234 233 231
 242 241 180  89  84  80  86  86  91 138 235 238 237 237 234 232
 161 171 171 167 165 175 162 166 175 197 237 241 241 241 237 233
  77  80 162 241 240 240 238 238 238 240 240 242 241 242 238 233
  69  78 167 243 244 245 242 242 240 241 242 242 241 242 239 232
  49  55 137 212 216 218 220 223 223 226 227 227 226 225 225 224
  52  58 142 219 224 225 226 226 227 229 230 230 229 229 228 225
  51  58 146 224 227 229 187 159 151 181 232 232 232 231 230 228
  54  58 146 224 228 226 104  72  76 135 233 233 233 232 231 228
  56  62 150 228 230 227 103  75  75 134 233 235 235 232 232 230
  68  76 157 233 234 230 109  79  80 136 228 229 229 226 225 223
 213 216 229 233 235 235 230 228 230 192  99 103 108 109 110 108
 228 231 235 234 236 237 237 234 232 192  80  72  73  75  72  69
 235 236 238 238 234 237 236 232 233 189  83  76  79  79  75  74
 236 238 224 205 200 202 207 203 202 178 126 120 124 121 110 110
 235 236 169  76  72  74  76  73  77 130 231 229 231 230 228 227
 234 233 171  76  74  76  72  76  78 135 232 231 232 232 231 229
 234 234 169  79  77  81  81  81  85 137 233 232 235 235 234 233
 134 146 163 173 172 180 167 172 180 203 235 234 234 232 233 234
  68  79 155 233 235 235 235 235 237 232 234 234 234 233 234 234
  67  74 159 235 235 235 237 237 238 234 233 233 234 233 234 233

