 228 232 231 230 235 232 115  91  91 131 238 235 237 238 240 242
 229 232 234 238 239 235 116  92  95 141 241 239 240 242 244 242
 230 233 235 239 240 237 123  90  97 142 241 240 241 244 244 245
 230 236 239 239 240 238 128 103 102 140 240 241 243 245 245 246
 230 236 238 240 241 236 123  97 106 146 243 243 246 245 244 245
 231 234 236 240 242 239 125 102 106 140 241 239 244 243 246 246
 229 230 195 141 139 145 206 212 209 190 133 140 137 204 247 247
 228 232 162  94  97 105 215 238 241 223 101 102 108 200 248 249
 223 228 185  95  97 107 225 242 245 214  94 101 104 192 248 247
 199 199 169 121 132 144 229 243 244 210  98 105 105 184 246 248
  87  95 165 231 235 239 243 245 247 214  97 100 107 192 247 250
  80  89 171 231 237 241 245 246 246 211  98  99 106 199 248 250
  75  83 158 233 238 242 244 246 247 205  92  98 105 208 251 250
  71  78 155 230 236 243 242 245 245 209 100 104 103 186 251 250
  70  80 158 232 234 237 239 242 245 229  97  93 100 186 250 250
  68  75 162 226 230 235 238 242 244 223  92  91  98 191 248 248
 223 227 228 229 230 231 117  76  76 107 226 231 234 236 236 235
 224 229 230 232 233 235 122  82  80 111 228 234 239 240 240 241
 225 229 231 233 234 235 132  80  78 112 229 236 240 243 242 241
 225 229 232 234 238 238 131  80  81 118 229 237 242 243 243 243
 224 229 232 233 237 236 129  85  90 124 230 237 242 243 243 244
 225 229 231 232 234 235 128  90  90 122 230 236 240 242 242 245
 224 228 196 133 131 133 188 205 203 196 131 132 132 186 241 245
 222 226 176  87  83  86 192 235 238 227  91  84  89 170 242 245
 219 225 196  82  79  83 200 240 242 221  95  83  84 169 241 246
 199 199 174 111 114 119 212 240 243 215  92  81  87 163 239 246
  69  76 136 224 228 232 238 241 244 220  91  79  80 169 242 246
  56  65 138 225 230 234 241 243 243 217  92  81  79 172 241 247
  55  61 118 225 230 234 240 242 243 209  93  81  77 183 242 246
  52  57 121 218 227 232 236 240 243 218  92  79  77 159 242 246
  50  57 123 216 226 230 234 237 242 232  91  78  74 154 242 247
  50  53 129 212 223 227 230 234 237 225  84  73  72 158 242 245
 223 227 228 229 230 226  94  74  72 114 231 230 229 229 231 233
 224 229 230 232 233 231  99  75  73 117 232 231 230 231 231 232
 225 229 231 233 234 232 107  80  78 115 232 233 231 234 233 232
 225 229 232 234 232 227 115  77  78 119 233 234 233 234 234 234
 224 229 232 233 234 228 108  73  80 125 233 234 233 234 234 235
 225 229 231 232 234 230 108  80  82 123 232 232 231 234 235 236
 224 228 182 121 119 127 192 199 197 183 121 127 124 189 236 236
 222 225 152  74  73  81 202 231 233 213  83  82  89 179 234 236
 219 223 176  73  75  83 207 230 233 204  78  77  84 175 235 237
 199 199 160 109 116 121 216 231 234 202  76  75  83 166 235 237
  64  65 148 224 228 232 234 235 235 205  76  77  83 175 235 237
  59  60 153 225 230 234 232 234 234 202  79  73  79 184 232 234
  53  56 133 225 230 234 233 234 234 198  73  69  81 191 234 237
  51  57 134 224 228 233 236 236 234 200  74  69  76 171 234 237
  48  55 136 223 226 230 234 233 233 216  72  68  77 163 235 235
  48  53 142 218 223 227 230 234 237 206  74  70  75 169 235 236

 242 242 245 246 245 246 247 249 247 248 250 250 250 250 250 248
 240 244 244 245 244 246 247 248 248 246 247 248 251 251 250 248
 238 242 244 245 245 243 204 200 192 184 192 199 208 186 186 191
 237 240 241 243 246 244 137 108 104 105 107 106 105 103 100  98
 235 239 240 241 243 239 140 102 101 105 100  99  98 104  93  91
 238 241 241 240 243 241 133 101  94  98  97  98  92 100  97  92
 131 141 142 140 146 140 190 223 214 210 214 211 205 209 229 223
  91  95  97 102 106 106 209 241 245 244 247 246 247 245 245 244
  91  92  90 103  97 102 212 238 242 243 245 246 246 245 242 242
 115 116 123 128 123 125 206 215 225 229 243 245 244 242 239 238
 232 235 237 238 236 239 145 105 107 144 239 241 242 243 237 235
 235 239 240 240 241 242 139  97  97 132 235 237 238 236 234 230
 230 238 239 239 240 240 141  94  95 121 231 231 233 230 232 226
 231 234 235 239 238 236 195 162 185 169 165 171 158 155 158 162
 232 232 233 236 236 234 230 232 228 199  95  89  83  78  80  75
 228 229 230 230 230 231 229 228 223 199  87  80  75  71  70  68
 235 241 241 243 244 245 245 245 246 246 246 247 246 246 247 245
 236 240 242 243 243 242 241 242 241 239 242 241 242 242 242 242
 236 240 243 243 243 242 186 170 169 163 169 172 183 159 154 158
 234 239 240 242 242 240 132  89  84  87  80  79  77  77  74  72
 231 234 236 237 237 236 132  84  83  81  79  81  81  79  78  73
 226 228 229 229 230 230 131  91  95  92  91  92  93  92  91  84
 107 111 112 118 124 122 196 227 221 215 220 217 209 218 232 225
  76  80  78  81  90  90 203 238 242 243 244 243 243 243 242 237
  76  82  80  80  85  90 205 235 240 240 241 243 242 240 237 234
 117 122 132 131 129 128 188 192 200 212 238 241 240 236 234 230
 231 235 235 238 236 235 133  86  83 119 232 234 234 232 230 227
 230 233 234 238 237 234 131  83  79 114 228 230 230 227 226 223
 229 232 233 234 233 232 133  87  82 111 224 225 225 218 216 212
 228 230 231 232 232 231 196 176 196 174 136 138 118 121 123 129
 227 229 229 229 229 229 228 226 225 199  76  65  61  57  57  53
 223 224 225 225 224 225 224 222 219 199  69  56  55  52  50  50
 233 232 232 234 235 236 236 236 237 237 237 234 237 237 235 236
 231 231 233 234 234 235 236 234 235 235 235 232 234 234 235 235
 229 231 234 234 234 234 189 179 175 166 175 184 191 171 163 169
 229 230 231 233 233 231 124  89  84  83  83  79  81  76  77  75
 230 231 233 234 234 232 127  82  77  75  77  73  69  69  68  70
 231 232 232 233 233 232 121  83  78  76  76  79  73  74  72  74
 114 117 115 119 125 123 183 213 204 202 205 202 198 200 216 206
  72  73  78  78  80  82 197 233 233 234 235 234 234 234 233 237
  74  75  80  77  73  80 199 231 230 231 235 234 234 236 233 234
  94  99 107 115 108 108 192 202 207 216 234 232 233 236 234 230
 226 231 232 227 228 230 127  81  83 121 232 234 234 233 230 227
 230 233 234 232 234 234 119  73  75 116 228 230 230 228 226 223
 229 232 233 234 233 232 121  74  73 109 224 225 225 224 223 218
 228 230 231 232 232 231 182 152 176 160 148 153 133 134 136 142
 227 229 229 229 229 229 228 225 223 199  65  60  56  57  55  53
 223 224 225 225 224 225 224 222 219 199  64  59  53  51  48  48

 248 248 191  98  91  92 223 244 242 238 235 230 226 162  75  68
 250 250 186 100  93  97 229 245 242 239 237 234 232 158  80  70
 250 251 186 103 104 100 209 245 245 242 243 236 230 155  78  71
 250 251 208 105  98  92 205 247 246 244 242 238 233 158  83  75
 250 248 199 106  99  98 211 246 246 245 241 237 231 171  89  80
 250 247 192 107 100  97 214 247 245 243 239 235 231 165  95  87
 248 246 184 105 105  98 210 244 243 229 144 132 121 169 199 199
 247 248 192 104 101  94 214 245 242 225 107  97  95 185 228 223
 249 248 200 108 102 101 223 241 238 215 105  97  94 162 232 228
 247 247 204 137 140 133 190 209 212 206 145 139 141 195 230 229
 246 246 243 244 239 241 140 106 102 125 239 242 240 236 234 231
 245 244 245 246 243 243 146 106  97 123 236 241 240 238 236 230
 246 245 245 243 241 240 140 102 103 128 238 240 239 239 236 230
 245 244 244 241 240 241 142  97  90 123 237 240 239 235 233 230
 242 244 242 240 239 241 141  95  92 116 235 239 238 234 232 229
 242 240 238 237 235 238 131  91  91 115 232 235 230 231 232 228
 245 242 158  72  73  84 225 237 234 230 227 223 212 129  53  50
 247 242 154  74  78  91 232 242 237 234 230 226 216 123  57  50
 246 242 159  77  79  92 218 243 240 236 232 227 218 121  57  52
 246 242 183  77  81  93 209 243 242 240 234 230 225 118  61  55
 247 241 172  79  81  92 217 243 243 241 234 230 225 138  65  56
 246 242 169  80  79  91 220 244 241 238 232 228 224 136  76  69
 246 239 163  87  81  92 215 243 240 212 119 114 111 174 199 199
 246 241 169  84  83  95 221 242 240 200  83  79  82 196 225 219
 245 242 170  89  84  91 227 238 235 192  86  83  87 176 226 222
 245 241 186 132 132 131 196 203 205 188 133 131 133 196 228 224
 245 242 242 240 236 230 122  90  90 128 235 234 232 231 229 225
 244 243 243 242 237 230 124  90  85 129 236 237 233 232 229 224
 243 243 243 242 237 229 118  81  80 131 238 238 234 232 229 225
 241 242 243 240 236 229 112  78  80 132 235 234 233 231 229 225
 241 240 240 239 234 228 111  80  82 122 235 233 232 230 229 224
 235 236 236 234 231 226 107  76  76 117 231 230 229 228 227 223
 236 235 169  75  70  74 206 237 234 230 227 223 218 142  53  48
 235 235 163  77  68  72 216 233 233 234 230 226 223 136  55  48
 237 234 171  76  69  74 200 234 236 236 233 228 224 134  57  51
 237 234 191  81  69  73 198 234 234 233 234 230 225 133  56  53
 234 232 184  79  73  79 202 234 234 232 234 230 225 153  60  59
 237 235 175  83  77  76 205 235 235 234 232 228 224 148  65  64
 237 235 166  83  75  76 202 234 231 216 121 116 109 160 199 199
 237 235 175  84  77  78 204 233 230 207  83  75  73 176 223 219
 236 234 179  89  82  83 213 233 231 202  81  73  74 152 225 222
 236 236 189 124 127 121 183 197 199 192 127 119 121 182 228 224
 236 235 234 231 232 232 123  82  80 108 230 234 232 231 229 225
 235 234 234 233 234 233 125  80  73 108 228 234 233 232 229 224
 234 234 234 233 234 233 119  78  77 115 227 232 234 232 229 225
 232 233 234 231 233 232 115  78  80 107 232 234 233 231 229 225
 232 231 231 230 231 232 117  73  75  99 231 233 232 230 229 224
 233 231 229 229 230 231 114  72  74  94 226 230 229 228 227 223

  68  70  71  75  80  87 199 223 228 229 231 230 230 230 229 228
  75  80  78  83  89  95 199 228 232 230 234 236 236 233 232 232
 162 158 155 158 171 165 169 185 162 195 236 238 239 235 234 231
 226 232 230 233 231 231 121  95  94 141 240 240 239 239 238 230
 230 234 236 238 237 235 132  97  97 139 242 241 240 240 239 235
 235 237 243 242 241 239 144 107 105 145 239 236 238 237 235 232
 238 239 242 244 245 243 229 225 215 206 125 123 128 123 116 115
 242 242 245 246 246 245 243 242 238 212 102  97 103  90  92  91
 244 245 245 247 246 247 244 245 241 209 106 106 102  97  95  91
 223 229 209 205 211 214 210 214 223 190 140 146 140 142 141 131
  92  97 100  92  98  97  98  94 101 133 241 243 240 241 241 238
  91  93 104  98  99 100 105 101 102 140 239 243 241 240 239 235
  98 100 103 105 106 107 105 104 108 137 244 246 243 241 240 237
 191 186 186 208 199 192 184 192 200 204 243 245 245 244 242 238
 248 250 251 251 248 247 246 248 248 247 246 244 245 244 244 240
 248 250 250 250 250 250 248 247 249 247 246 245 246 245 242 242
  50  50  52  55  56  69 199 219 222 224 225 224 225 225 224 223
  53  57  57  61  65  76 199 225 226 228 229 229 229 229 229 227
 129 123 121 118 138 136 174 196 176 196 231 232 232 231 230 228
 212 216 218 225 225 224 111  82  87 133 232 233 234 233 232 229
 223 226 227 230 230 228 114  79  83 131 234 237 238 234 233 230
 227 230 232 234 234 232 119  83  86 133 235 236 238 235 235 231
 230 234 236 240 241 238 212 200 192 188 128 129 131 132 122 117
 234 237 240 242 243 241 240 240 235 205  90  85  80  80  82  76
 237 242 243 243 243 244 243 242 238 203  90  90  81  78  80  76
 225 232 218 209 217 220 215 221 227 196 122 124 118 112 111 107
  84  91  92  93  92  91  92  95  91 131 230 230 229 229 228 226
  73  78  79  81  81  79  81  83  84 132 236 237 237 236 234 231
  72  74  77  77  79  80  87  84  89 132 240 242 242 240 239 234
 158 154 159 183 172 169 163 169 170 186 242 243 243 243 240 236
 242 242 242 242 241 242 239 241 242 241 242 243 243 242 240 236
 245 247 246 246 247 246 246 246 245 245 245 244 243 241 241 235
  48  48  51  53  59  64 199 219 222 224 225 224 225 225 224 223
  53  55  57  56  60  65 199 223 225 228 229 229 229 229 229 227
 142 136 134 133 153 148 160 176 152 182 231 232 232 231 230 228
 218 223 224 225 225 224 109  73  74 121 232 233 234 233 232 229
 223 226 228 230 230 228 116  75  73 119 234 234 232 234 233 230
 227 230 233 234 234 232 121  83  81 127 230 228 227 232 231 226
 230 234 236 233 232 234 216 207 202 192 108 108 115 107  99  94
 234 233 236 234 234 235 231 230 231 199  80  73  77  80  75  74
 237 233 234 234 234 235 234 233 233 197  82  80  78  78  73  72
 206 216 200 198 202 205 202 204 213 183 123 125 119 115 117 114
  74  72  74  73  79  76  76  78  83 121 232 233 233 232 232 231
  70  68  69  69  73  77  75  77  82 127 232 234 234 233 231 230
  75  77  76  81  79  83  83  84  89 124 231 233 233 231 230 229
 169 163 171 191 184 175 166 175 179 189 234 234 234 234 231 229
 235 235 234 234 232 235 235 235 234 236 235 234 234 233 231 231
 236 235 237 237 234 237 237 237 236 236 236 235 234 232 232 233

